TIMESTAMP,TRACK_ID,OBJECT_TYPE,X,Y,V_X,V_Y,A_X,A_Y,YAW,DYAW,DDYAW,CITY_NAME
1632797020.000,ego,AV,0.0,0.0,0.001113677268682172,-0.005788544210650078,-0.0077504796129411755,0.024545237148516984,0.0,0.001367998244802493,-0.00015158614925780967,SZ
1632797020.000,scene-000251-1,Pedestrian,-10.568111424844185,-32.96655658621644,-0.3462236991672403,0.7991624456417141,0.9467579625830949,2.1848610479808936,7.8174002416390636,-7.460295141687169,2.562702595529288,SZ
1632797020.000,scene-000251-2,Pedestrian,10.510869352661853,21.683141248052824,-0.11530292782195406,1.0054234183403645,0.041507897210574685,-0.01836004024605664,5.09998241264509,-6.847743172881081,-9.946026369086127,SZ
1632797020.000,scene-000251-3,Pedestrian,11.294995361314081,-18.961976973215336,0.6960550042461184,1.2840269274630653,-1.6262456828808123,0.5947392840160894,343.77796931583697,5.4244391727525,-19.21019569694755,SZ
1632797020.000,scene-000251-4,Vehicle,-4.122783117726336,-7.073013495020119,0.8199455870762009,-7.80327683149714,-2.1217528777458754,-0.07972374581132158,181.5,0.0013680085872636027,-0.0001515694916065513,SZ
1632797020.000,scene-000251-5,Vehicle,-11.225909720063042,0.4814334498585551,2.775836762509993,-4.500389495477327,0.28970298119645577,-0.4812531145683181,217.5,-11.998631995238242,-0.00015157303515422882,SZ
1632797020.000,scene-000251-6,Bicycle,-6.100474034449877,4.520355744204922,0.29254870214819567,-4.862803810955022,-1.4829680756198091,0.6450380709413857,178.49999999999997,-0.00030514237448642234,-5.996805264542104,SZ
1632797020.000,scene-000251-7,Vehicle,-6.826739461525356,-37.49805736953715,7.897033992425944e-14,-5.2782714463077525e-15,-3.1217356716013383e-13,3.1669628677846514e-14,186.81493970713956,9.662187494541286e-09,-1.4988160046414123e-08,SZ
1632797020.000,scene-000251-8,Vehicle,-14.359198547427606,-25.91541274486472,0.028495071827245,-0.040694368455185356,-0.07121700869234195,0.09337051936224197,91.5,0.0013680267966265092,-0.00015154016352880717,SZ
1632797020.000,scene-000251-10,Vehicle,-13.79011475815023,-31.972448557996422,0.001192076224845351,-0.006547006031675148,0.003994212504728867,0.03977305385022489,91.4425965731158,-0.0003050363982310955,0.0010150408429581148,SZ
1632797020.000,scene-000251-11,Vehicle,-7.298310779212034,-43.8804888943819,0.0005004341133207305,-0.006559914403281885,0.007620941147804237,0.03972543529624059,178.49999999999997,-0.00030514237448642234,0.0010157770402656752,SZ
1632797020.000,scene-000251-12,Vehicle,-10.554781673252092,31.341997201491953,1.5704285776651201,2.4810178511755048,-1.6850025287830261,1.0752844823293515,313.5,44.95856360207216,-5.914542829672428,SZ
1632797020.000,scene-000251-13,Vehicle,-28.116305476061115,29.056723088073824,-0.08481824979772584,-0.5534365075860963,0.3333157363876357,1.5415821652893111,270.1761799588743,2.6490080803349656,-2.6477916686604317,SZ
1632797020.000,scene-000251-14,Vehicle,-25.2602594657159,22.137940182739595,-0.05317350381272737,0.10724698103185448,0.06521098635436745,-0.2668510654477474,269.7019122026152,-2.402456406824342,2.403672819340926,SZ
1632797020.000,scene-000251-15,Vehicle,-23.189605121391544,18.50578654815389,0.002199223277814138,-0.006274695941018496,0.0005339888152150161,0.03876033078521521,269.1395551510136,-0.00036411899952781823,0.001180963961502357,SZ
1632797020.000,scene-000251-16,Vehicle,-23.037205437848957,14.911079972436216,0.0021335363697607508,-0.0063099073599272235,0.0007264062375879031,0.038902991839920534,270.84389828262607,-0.0003050633040495576,0.0010149834639223698,SZ
1632797020.000,scene-000251-17,Vehicle,-47.47544841606831,18.789479028334753,1.8926973821304571,-0.06689810988993988,-0.4404506606367562,0.1958124025148621,271.5,0.001367998083509292,-0.00015158640897539044,SZ
1632797020.000,scene-000251-18,Bicycle,5.705242314715477,27.08982764608909,-0.42938928634160217,0.799236901035312,0.42743502830332525,-0.0542451762797489,10.500000000000043,12.350975813449338,-19.5247932793784,SZ
1632797020.000,scene-000251-19,Vehicle,11.935128435648027,31.480890701761638,-5.193897042001108,-0.21758727771803318,4.727828145673975,0.6706299414703615,89.329817239081,-0.4964814534805555,1.888001241296763,SZ
1632797020.000,scene-000251-20,Bicycle,10.224349188875657,28.134748368880842,-0.10949479179822985,-0.28938063893693305,0.6712890442137018,1.7360276116756448,358.39755598250593,-0.000308160930444501,-0.0017825294012254744,SZ
1632797020.000,scene-000251-21,Vehicle,0.7182370999335695,-92.18063883920308,-0.5221725338358312,12.259516184376722,-0.9213614758870197,-0.8360354321177113,11.171604100738264,-4.901371784216167,6.937470251343029,SZ
1632797020.000,scene-000251-24,Vehicle,46.18917027615743,31.28790317492129,-2.8980324704139395,-0.008479752221125746,0.006824367886917315,0.007759535493871601,92.65861192924291,-1.386407427112431,-4.1957503071898827e-07,SZ
1632797020.000,scene-000251-25,Bicycle,15.078529540383265,-6.7308464878070815,-3.922895135992179e-14,-3.3952691493679635e-14,8.971244732871018e-14,1.5220180061947056e-13,222.11682263487384,1.3034139101364417e-08,-2.7958691362073296e-08,SZ
1632797020.000,scene-000251-26,Bicycle,15.686282989042084,-6.074699715888016,-3.313921057933809e-14,-2.9753438180970617e-14,7.804299839681149e-14,1.2700628074321642e-13,227.3224304680694,9.279290225094883e-09,-1.0805806027747167e-08,SZ
1632797020.000,scene-000251-27,Bicycle,17.09503393777061,-4.806959479940223,-1.6901659214513526e-14,-3.411278475237852e-14,-3.359316450733788e-14,1.407278622958621e-13,226.82208802507608,9.648090326663805e-09,-1.2490914969021105e-08,SZ
1632797020.000,scene-000251-28,Bicycle,14.35006836599035,-7.374521371907355,-4.6851162752800334e-14,-3.468422926288778e-14,1.3189300200718097e-13,1.5481467039531918e-13,211.8644872364759,1.96195202306626e-08,-5.7659079288896464e-08,SZ
1632797020.000,scene-000251-29,Bicycle,16.202304253476324,-5.599211561664766,-1.9593176382713745e-14,-3.7157738916557183e-14,2.5188502647469436e-14,1.5722123044153383e-13,244.92795313914044,-3.845599394480814e-09,4.814364729099907e-08,SZ
1632797020.000,scene-000251-30,Bicycle,17.003547884844412,-3.073066536593383,-6.5896704778211626e-15,-3.27913947487179e-14,-4.5727105424285047e-14,1.3901677121179926e-13,275.39352646810244,-1.8868945517169777e-08,1.0234359137939464e-07,SZ
1632797020.000,scene-000251-31,Bicycle,20.790660717670992,-1.3435582884864794,-2.3662559187316584e-14,-3.6580362224174704e-14,6.9722353294804695e-15,1.5553332712663922e-13,212.24200706437034,-1.2518627755753187e-05,3.34072563390464e-05,SZ
1632797020.000,scene-000251-32,Pedestrian,18.341979630232963,-0.5469556394288422,0.8285975812975157,1.2889895143939567,1.520469039718483,-1.1330663976988848,307.5,-1.4443969575950177e-08,-3.8817056136932138,SZ
1632797020.000,scene-000251-33,Bicycle,19.53672690655106,-2.597124347820517,-4.1317713451281035e-14,-3.362311742642281e-14,1.0579773355566619e-13,1.4489528569772882e-13,224.08734588067514,-1.59063260127823e-05,3.565115986248202e-05,SZ
1632797020.000,scene-000251-34,Bicycle,17.576874723812118,-4.4461209731201725,-2.5686547893029135e-14,-3.072481966503379e-14,6.174873170936177e-14,1.2217642861119398e-13,219.08841731688256,1.511141078935907e-08,-3.741524778888561e-08,SZ
1632797020.000,scene-000251-35,Bicycle,17.784864844745435,-4.038888584086653,-1.2544552835623517e-14,-2.931080258837537e-14,-9.997811277470923e-15,1.2612682402704519e-13,228.64205100371439,8.300347076328762e-09,-6.3352132428917685e-09,SZ
1632797020.000,scene-000251-36,Bicycle,19.10354992920014,-3.0450096663377693,-4.1499774650308547e-14,-3.249621745385252e-14,1.0689010074983124e-13,1.381338858623071e-13,203.2588284604176,2.3918317992865923e-08,-7.600999651913298e-08,SZ
1632797020.000,scene-000251-37,Bicycle,18.459098657718854,-3.851111714804705,-2.5895418854256244e-14,-3.0438101534342446e-14,2.0369393331118415e-14,1.2667336876494679e-13,234.70895833666157,3.730860953510273e-09,1.4443855889112456e-08,SZ
1632797020.000,scene-000251-38,Bicycle,21.731524741357916,0.15816879678030027,3.968185737016739e-15,-3.5110668681344535e-14,-9.486338799811045e-14,1.4838050040659593e-13,245.3195318705748,-4.1241321468987735e-09,4.935296260555333e-08,SZ
1632797020.000,scene-000251-39,Bicycle,22.81857543671586,1.210381738284748,-0.04497334028078237,-0.1312219560452181,0.3579268375837392,0.37373037420952604,242.07220771638762,0.9999999981651087,2.9153824243621784e-08,SZ
1632797020.000,scene-000251-41,Bicycle,21.195824080278555,-0.6800764222380483,-3.105510200556825e-14,-3.477050558899476e-14,5.1327492238990464e-14,1.471166779697349e-13,226.69842496207792,9.73921032709768e-09,-1.2906795632261492e-08,SZ
1632797020.000,scene-000251-42,Bicycle,24.659237540560365,1.4333575739457887,-1.9257100065953432e-14,-3.969542419208807e-14,-1.2355092041097442e-14,1.684505392060686e-13,318.2242994678179,6.80421408105758e-09,2.531121481297305e-07,SZ
1632797020.000,scene-000251-45,Vehicle,13.755642480764358,-26.422677712488287,5.473561455967918e-15,-5.22272406874775e-14,-7.902664656021402e-14,2.0678203376084997e-13,88.00068399062053,-1.1390852705517318e-08,3.0584089927288005e-08,SZ
1632797020.000,scene-000251-46,Vehicle,-19.411267058221174,-26.173571421746065,8.444028935383766e-14,-1.080474658679076e-15,-2.6505720596459193e-13,-6.225794055265458e-16,92.80373820504576,1.016974238154944e-08,1.4752322385902517e-07,SZ
1632797020.000,scene-000251-47,Vehicle,-26.68176719688528,-25.99690323762286,1.1163555968423391e-13,2.8269085950762593e-14,-3.7849083644376237e-13,-1.1987652420136853e-13,88.5006839905586,-1.1424560852901777e-08,3.156094408041099e-08,SZ
1632797020.000,scene-000251-49,Vehicle,77.00452009245676,37.49251582816729,-7.406162321136929,0.044717063758192316,0.00560630622729974,5.4639693244207255e-05,88.80191594164484,0.19948544278474856,1.6740045793994796e-08,SZ
1632797020.000,scene-000251-50,Vehicle,97.5560708944203,41.18714363600972,-7.643170568902196,0.7060121538489725,-0.7056561004178334,-2.04201211076738,92.99999999999989,0.0013680263275546167,-3.000151275968392,SZ
1632797020.000,scene-000251-51,Vehicle,-4.669655731910224,55.219871883155825,-7.213799698225516e-14,7.332842713826316e-14,3.1736478733251467e-13,-3.2628372510796295e-13,178.4997994357238,-1.5157297639234457e-08,1.2139142313571938e-07,SZ
1632797020.000,scene-000251-52,Vehicle,-8.878055437293337,61.54945582317318,-8.969163848156103e-14,7.734158888927315e-14,4.031467110949471e-13,-4.498386786204369e-13,328.35877893775677,-2.0717365600830817e-08,4.7310126660704555e-07,SZ
1632797020.000,scene-000251-53,Vehicle,-12.484528456585103,56.82877979224638,-5.91312560270196e-14,1.1765828402709522e-13,2.979441173013096e-13,-5.780520117257533e-13,136.49897278040928,-2.7085036435892107e-08,-4.0690378000363125e-07,SZ
1632797020.000,scene-000251-54,Vehicle,-12.863377836238405,-43.55377263546261,-3.7108482065148756e-05,-0.001298952106226031,7.234100725568571e-09,2.9607042995906385e-07,178.4998113952715,7.022276804491412e-08,-3.02264311358158e-07,SZ
1632797020.000,scene-000251-55,Vehicle,-12.849350148194372,-36.870791438573306,1.2239889677254218e-05,1.480209512398464e-06,-7.343933790010048e-05,-8.881257188077621e-06,178.4998113511383,1.8268110579811037e-08,-3.595710040826816e-08,SZ
1632797020.000,scene-000251-56,Barrier,6.115768614233921,28.038913972646487,-0.11829511382036006,-0.02993740980709734,0.4341213956994583,0.11881652790214235,195.30667386594266,-3.394708869564056e-08,1.6094210764094896e-07,SZ
1632797020.500,ego,AV,-0.0001024163292494409,-0.0006241489294164693,-0.0009042326096256956,0.0016958855576720937,-0.00032115990029029425,0.005392481924771701,0.0006839991224062286,0.0012922051701735882,-0.0017754073093385614,SZ
1632797020.500,scene-000251-1,Pedestrian,-10.650461730246521,-32.36673950064822,-0.03834392472531058,1.4543623601306621,0.2847611351846239,0.43593860997489653,4.087252670795479,-6.178943843922525,3.1217967156557336,SZ
1632797020.500,scene-000251-2,Pedestrian,10.466762693201286,22.177348389937606,-0.04441107542213901,0.9589860246894797,0.2420595123886855,-0.16738953435748272,1.6761108262045497,-11.820756357424145,-3.9458196449144793,SZ
1632797020.500,scene-000251-3,Pedestrian,11.494541224717796,-18.276120054756916,0.2117265926502578,1.3984028348203656,-0.31106796350263,-0.13723565458688824,346.4901889022132,-4.180658675721276,-31.336862785705563,SZ
1632797020.500,scene-000251-4,Vehicle,-3.9194197978113343,-10.977908078451174,0.11072696477407905,-7.8028829011392205,-0.715121611462612,0.08129946724299941,181.50068400429365,0.001292223841460327,-0.0017754211123985897,SZ
1632797020.500,scene-000251-5,Vehicle,-9.834417735328685,-1.8361184027556827,2.7248526380870395,-4.7842188460886925,-0.4936394788882694,-0.6540642878771372,211.50068400238086,-11.998707781755819,2.998224584174096,SZ
1632797020.500,scene-000251-6,Bicycle,-6.098609945648294,2.1527145365417097,-0.20317085258193937,-4.641499141804577,-0.499910143300731,0.24018060566039523,178.49984742881273,-2.9987077746455384,-2.9992656945311182,SZ
1632797020.500,scene-000251-7,Vehicle,-6.826739461525344,-37.49805736953715,-1.0619371321875652e-14,2.6391357231538763e-15,-4.618527782440651e-14,0.0,186.81493971197065,2.168107471334224e-09,-1.3265008647067589e-08,SZ
1632797020.500,scene-000251-8,Vehicle,-14.352891941370261,-25.92594157441339,-0.0013462551373337843,-0.005126870222202214,-0.048148299165973185,0.0488994735696906,91.50068401339831,0.0012922567148621056,-0.0017754454145801901,SZ
1632797020.500,scene-000251-10,Vehicle,-13.789099383904286,-31.97208666264357,0.002709539899787089,0.005322120717912225,0.0020756421950380854,0.007703453148124595,91.44244405491668,0.00020248402324796189,0.0010123657325493696,SZ
1632797020.500,scene-000251-11,Vehicle,-7.29732177312535,-43.880135412011455,0.0030279330065151903,0.005309364205160111,0.002489054424973606,0.00775167913752739,178.49984742881273,0.00020274614564641524,0.0010129027592711282,SZ
1632797020.500,scene-000251-12,Vehicle,-9.992257976120868,32.69456703484287,0.6555356596528629,2.8845621771721497,-1.9745691432660026,0.5388928216572282,335.9792818010361,42.00129218723594,-4.437568815192918,SZ
1632797020.500,scene-000251-13,Vehicle,-28.128155078435082,28.932553112657892,0.015209951254738535,-0.023542378645723186,0.06679706782222183,0.5779943504721814,271.50068399904177,1.3251122460047497,-2.649415489345543,SZ
1632797020.500,scene-000251-14,Vehicle,-25.279247426779687,22.164973697562502,-0.02388350534585297,0.014419893235671557,0.05194900751313014,-0.10445728573698432,268.50068399920303,-1.2006199971538791,2.40204899770583,SZ
1632797020.500,scene-000251-15,Vehicle,-23.188441208592305,18.506182533929053,0.0024515330360012884,0.005235223836716381,0.0004752502175335814,0.0072793483257243,269.1393730915138,0.0002263629812233603,0.0011542317621291431,SZ
1632797020.500,scene-000251-16,Vehicle,-23.03605397866904,14.911472456082352,0.0024600807805748117,0.005248968636691508,0.0005797714056683372,0.007332512146554393,270.84374575097405,0.0002024284279116273,0.0010124027199559515,SZ
1632797020.500,scene-000251-17,Vehicle,-46.59554663320374,18.77682350031326,1.6041285980857047,0.00890995102220191,-0.7138244755422534,0.10741984113370505,271.50068399904177,0.0012922048790215968,-0.001775407094086745,SZ
1632797020.500,scene-000251-18,Bicycle,5.542449301980638,27.462496524571094,-0.22483826080165917,0.6511007628913296,0.390769073856447,-0.5382993762961807,16.675487906724726,2.588579173760138,-9.508308731786286,SZ
1632797020.500,scene-000251-19,Vehicle,9.799382396208324,31.43163162872129,-3.6086391890544913,-0.028037368173602265,1.6132032661124924,0.08756969670736231,89.08157651234066,0.447519167167826,3.6367621367900256,SZ
1632797020.500,scene-000251-20,Bicycle,10.22555173567809,28.135065041906365,0.05838260335763645,0.14665441310809332,0.0002205364097633833,0.008112596504460612,358.3974019020407,-0.0011994256310572382,-0.723402647050591,SZ
1632797020.500,scene-000251-21,Vehicle,0.39709470173426553,-86.12692450526048,-0.6521689525524068,12.012262492931633,0.40137580102071646,-0.1529793336626426,8.720918208630152,-1.4326366585446522,0.0010073131547443381,SZ
1632797020.500,scene-000251-24,Vehicle,44.74072273827437,31.28430992676855,-2.8963263784421818,-0.006539868347654293,1.1723955140041653e-13,1.4210854715202004e-14,91.9654082156867,-1.3864076368999463,-3.61684215022251e-07,SZ
1632797020.500,scene-000251-25,Bicycle,15.078529540383254,-6.730846487807085,-7.919055330742988e-15,8.538650759688628e-15,3.5527136788005016e-14,1.7763568394002505e-14,222.1168226413909,-9.452065796722309e-10,-1.562735718607655e-08,SZ
1632797020.500,scene-000251-26,Bicycle,15.686282989042075,-6.07469971588802,-6.5230336225342125e-15,6.439024103334118e-15,2.842170943040401e-14,1.7763568394002508e-14,227.32243047270902,3.876387211221299e-09,-1.0174971976084635e-08,SZ
1632797020.500,scene-000251-27,Bicycle,17.095033937770598,-4.806959479940227,-2.1747236662547495e-14,6.398251339787758e-15,1.4210854715202016e-14,2.1316282072803006e-14,226.82208802990013,3.4026328421532526e-09,-1.0706600050980342e-08,SZ
1632797020.500,scene-000251-28,Bicycle,14.350068365990339,-7.374521371907359,-3.2197712146035895e-15,9.348508854142766e-15,4.263256414560601e-14,2.1316282072803006e-14,211.86448724628565,-9.21001941378563e-09,-2.5439632622692443e-08,SZ
1632797020.500,scene-000251-29,Bicycle,16.202304253476317,-5.59921156166477,-9.743337042045882e-15,8.364817631727152e-15,1.4210854715202004e-14,2.4868995751603507e-14,244.92795313721763,2.022622425101872e-08,8.228759895700932e-09,SZ
1632797020.500,scene-000251-30,Bicycle,17.003547884844405,-3.073066536593387,-1.8021446833892424e-14,6.847779362582602e-15,-1.262177448353619e-29,1.9539925233402755e-14,275.39352645866796,3.230285017252754e-08,2.7173015837433923e-08,SZ
1632797020.500,scene-000251-31,Bicycle,20.79066071767098,-1.3435582884864838,-1.8366786676145966e-14,7.632040075685849e-15,1.4210854715201991e-14,2.1316282072803006e-14,212.24200080505645,4.1850004137700125e-06,1.6450960742986354e-05,SZ
1632797020.500,scene-000251-32,Pedestrian,18.910919024756296,-0.017364215408872626,1.3763239446153486,0.882836114756625,0.6704364135528502,-0.4915472008504418,307.49999999277804,-1.9408528212905765,-3.8817056444407996,SZ
1632797020.500,scene-000251-33,Bicycle,19.53672690655105,-2.597124347820521,-7.76285270476349e-15,7.041596096510026e-15,2.8421709430403995e-14,1.7763568394002505e-14,224.08733792751212,1.919253925564135e-06,2.0372624014441953e-05,SZ
1632797020.500,scene-000251-34,Bicycle,17.57687472381211,-4.446120973120177,-6.696651286888187e-15,4.260179586265332e-15,1.4210854715202e-14,1.7763568394002505e-14,219.08841732443827,-3.5962131050837343e-09,-1.868409071903443e-08,SZ
1632797020.500,scene-000251-35,Bicycle,17.784864844745428,-4.038888584086656,-1.5044005654991247e-14,5.773617097186432e-15,-1.262177448353619e-29,1.4210854715202004e-14,228.64205100786455,5.132740454882878e-09,-8.767656822783465e-09,SZ
1632797020.500,scene-000251-36,Bicycle,19.103549929200128,-3.0450096663377733,-7.671822105249734e-15,6.478146110224881e-15,2.842170943040401e-14,1.7763568394002505e-14,203.25882847237673,-1.4086680266700569e-08,-3.2114613190969976e-08,SZ
1632797020.500,scene-000251-37,Bicycle,18.459098657718844,-3.851111714804709,-1.7250356842676136e-14,5.2270435455448126e-15,1.4210854715202016e-14,1.5987211554602254e-14,234.708958338527,1.0952788898066501e-08,-2.2719390813108475e-09,SZ
1632797020.500,scene-000251-38,Bicycle,21.73152474135791,0.15816879678029588,-2.6853088620111876e-14,6.813926577423878e-15,-2.842170943040401e-14,1.9317880628477724e-14,245.31953186851274,2.055234915587789e-08,8.607798918092158e-09,SZ
1632797020.500,scene-000251-39,Bicycle,22.8289351179511,1.181858811199676,0.06262305857706996,-0.0021262439723771656,0.07245875784767009,0.1426524740818378,242.57220771547017,1.0000000127420279,-0.1799999815227551,SZ
1632797020.500,scene-000251-41,Bicycle,21.195824080278545,-0.6800764222380526,-1.4670515267020134e-14,6.782622909327136e-15,1.4210854715202016e-14,1.9095836023552692e-14,226.69842496694753,3.2858125109669345e-09,-1.0838107300514821e-08,SZ
1632797020.500,scene-000251-42,Bicycle,24.659237540560355,1.4333575739457838,-2.2345873076227792e-14,7.968325732554862e-15,2.524354896707238e-29,2.220446049250313e-14,318.22429947122,1.3336028814592282e-07,1.1566640978344367e-08,SZ
1632797020.500,scene-000251-45,Vehicle,13.755642480764354,-26.422677712488294,-1.2506743344685336e-14,1.0126408789136494e-14,7.105427357601008e-15,4.263256414560601e-14,88.0006839849251,3.9011922581266845e-09,2.383592345722718e-08,SZ
1632797020.500,scene-000251-46,Vehicle,-19.411267058221156,-26.173571421746065,3.965133147487683e-15,2.3165941687397885e-15,-5.684341886080802e-14,1.4210854715202e-14,92.80373821013063,8.393135431106202e-08,-1.1370218544470845e-08,SZ
1632797020.500,scene-000251-47,Vehicle,-26.681767196885257,-25.996903237622856,-7.507178207091892e-16,-5.252758778380045e-15,-7.105427357601002e-14,-1.4210854715202e-14,88.50068398484632,4.355911187303718e-09,2.3956573613759247e-08,SZ
1632797020.500,scene-000251-48,Vehicle,18.845167735504,38.14956191910359,7.114504265677106e-14,-1.1859023504388446e-13,-4.766082474438333e-13,6.120654272568928e-13,91.49772102175211,1.1173403891007183e-07,-2.0151924218225759e-07,SZ
1632797020.500,scene-000251-49,Vehicle,73.30190612407391,37.51487891335416,-7.404760744580061,0.04473072368151047,1.7763568394002505e-13,2.8477220581635265e-14,88.90165866303724,0.19948545115477145,6.599293556064367e-09,SZ
1632797020.500,scene-000251-50,Vehicle,93.71971854968456,41.333827110667315,-7.555358905505612,-0.021420432060544017,1.0569027540041631,-0.8677182328706863,93.00068401316366,-1.4987076116566413,-1.5017754447108587,SZ
1632797020.500,scene-000251-51,Vehicle,-4.669655731910232,55.21987188315583,1.6973162467574883e-14,-2.2453358853929576e-14,3.907985046680551e-14,-5.684341886080803e-14,178.49979942814514,4.553841392862523e-08,2.3676363980484894e-08,SZ
1632797020.500,scene-000251-52,Vehicle,-8.878055437293346,61.54945582317318,2.530589400737776e-14,-4.2223508123437075e-14,5.6843418860808e-14,-2.842170943040403e-14,328.3587789273981,2.1583326770269196e-07,6.03286309797113e-08,SZ
1632797020.500,scene-000251-53,Vehicle,-12.484528456585107,56.82877979224639,2.2460200655908795e-14,-4.817100097714611e-14,2.842170943040401e-14,-8.526512829121202e-14,136.49897276686676,-2.3053692643770773e-07,-1.0643248060659971e-08,SZ
1632797020.500,scene-000251-54,Vehicle,-12.863396389876597,-43.55442208684318,-3.710667354707279e-05,-0.00129887808860433,-2.842170943040401e-14,5.6842551499070026e-14,178.49981143038295,-8.090938763416489e-08,-1.1461736448836746e-07,SZ
1632797020.500,scene-000251-55,Vehicle,-12.84935014819436,-36.87079143857331,-6.119944804876329e-06,-7.401047704100867e-07,-2.842170943040401e-14,5.684341886080802e-14,178.4998113602724,2.8956037567695603e-10,-2.5562485461705364e-08,SZ
1632797020.500,scene-000251-56,Barrier,6.099228018130195,28.03560654774043,0.028816302093502607,0.010326138202309366,0.1543242679559924,0.04223766413548448,195.30667384896913,4.652396512483392e-08,5.9164634080843825e-08,SZ
1632797021.000,ego,AV,-0.00028512263357145535,9.982262235998663e-05,0.0007925173683918779,-0.0003960622858783772,0.007108159812360588,-0.013760273298973585,0.0012922051701753684,-0.0004074090645360684,-0.002915320831657094,SZ
1632797021.000,scene-000251-1,Pedestrian,-10.661621751852701,-31.65793776258628,-0.06146256398261626,1.2351010556166115,-0.3772356922138467,-1.3129838280311006,1.6384563977165385,-4.338498426031435,11.691554208487545,SZ
1632797021.000,scene-000251-2,Pedestrian,10.48317091183789,22.629708148233018,0.12675658456673145,0.8380338839828819,0.4426111275667963,-0.31641902846890924,353.27922605522093,-10.79356281779556,9.834081229413428,SZ
1632797021.000,scene-000251-3,Pedestrian,11.616320097245854,-17.62457204994522,0.3849870407434884,1.146791272876177,1.0041097558755527,-0.8692105931898659,339.59731064011567,-25.912423612953063,-35.19928289257879,SZ
1632797021.000,scene-000251-4,Vehicle,-3.8948368807619853,-14.862477795071479,0.10482397561358894,-7.72197736425414,0.6915096548206517,0.24232268029733106,181.50129222384146,-0.00040741252513498694,-0.002915335277165809,SZ
1632797021.000,scene-000251-5,Vehicle,-8.566335620316396,-4.317186327339206,2.282197283621724,-5.154453783354468,-1.2769819389729964,-0.8268754611859492,205.50129221824417,-9.000407411064138,-0.0029153276142039886,SZ
1632797021.000,scene-000251-6,Bicycle,-6.221723392671893,-0.1548815197064039,-0.20736144115253546,-4.622623205294626,0.4831477890183471,-0.16467685962057388,175.50129222535443,-2.9995708369056047,5.997084662616317,SZ
1632797021.000,scene-000251-7,Vehicle,-6.826739461525344,-37.49805736953715,3.278506209985293e-14,-5.2782714463077525e-15,2.1980301151132083e-13,-3.1669628677846514e-14,186.81493970930768,-3.602821152526303e-09,3.2900331348173495e-08,SZ
1632797021.000,scene-000251-8,Vehicle,-14.35862241010441,-25.924245535569636,-0.019653227338728187,0.008205105114505243,-0.025079589639604438,0.004428427777139227,91.50129225671486,-0.00040741861795368095,-0.0029153607102614387,SZ
1632797021.000,scene-000251-10,Vehicle,-13.787565099109583,-31.969798904003685,0.003267718419883436,0.0011564471164494468,0.00015707188534730236,-0.024366147553975707,91.44279905713904,0.000707329334318274,0.0004926764319463928,SZ
1632797021.000,scene-000251-11,Vehicle,-7.295710503432422,-43.87784400985663,0.0029894885382943325,0.0011917647342455046,-0.00264283229785703,-0.02422207702118581,178.50020274614565,0.0007077603847847058,0.0004928695741455158,SZ
1632797021.000,scene-000251-12,Vehicle,-9.923376564806144,34.18186007360809,-0.40414056560088224,3.0199106728327334,-2.2641357577489787,0.002501160985110218,355.50129218723595,40.52099478687924,-0.0029153213821686563,SZ
1632797021.000,scene-000251-13,Vehicle,-28.123305413853494,28.952881724860006,-0.018021181975504008,0.024557842886085122,-0.199721600743192,-0.3855934643449481,271.50129220487906,-0.00040740901057745305,-1.3267353617321476,SZ
1632797021.000,scene-000251-14,Vehicle,-25.28524813596519,22.165892890951163,-0.0012244962995972268,0.002789695294870161,0.03868702867189283,0.05793649397377873,268.5012922054613,-0.00040740911851200323,1.198996881558287,SZ
1632797021.000,scene-000251-15,Vehicle,-23.187158483238683,18.508398356785648,0.0026744734953477235,0.001004652384705804,0.00041651161985215707,-0.02420163413376661,269.1397815139948,0.000790112762606876,0.0004984640961214204,SZ
1632797021.000,scene-000251-16,Vehicle,-23.03475757663771,14.913698067765127,0.0027133077754290897,0.00102260478662717,0.0004331365737487731,-0.024237967546811744,270.844100711054,0.0007073394159063939,0.0004928271538630069,SZ
1632797021.000,scene-000251-17,Vehicle,-45.89410096922473,18.791022932575192,1.178872906588204,0.04052173124376517,-0.9871982904477496,0.019027279752548032,271.50129220487906,-0.00040740901057745305,-0.0029153206064194137,SZ
1632797021.000,scene-000251-18,Bicycle,5.477348557709911,27.70059055897905,-0.03862021248515531,0.26093752473913173,0.3541031194095685,-1.0223535763126115,13.088579173760209,2.842667081663052,9.822510710146062,SZ
1632797021.000,scene-000251-19,Vehicle,8.066937173296745,31.404264979857786,-3.5806937758886153,-0.13001758101067093,-1.5014216134489953,-0.49549054805563664,89.77733640624882,3.14028068330947,8.626344945984357,SZ
1632797021.000,scene-000251-20,Bicycle,10.226809416582965,28.137409864058004,-0.10927425538846647,-0.28126804243247244,-0.6708479713941751,-1.7198024186667238,358.3963565568749,-0.7237108079810355,-3.1838112269172427,SZ
1632797021.000,scene-000251-21,Vehicle,0.17629625379014072,-80.11145500473353,-0.12079673281511442,12.10653685071408,1.7241130779284524,0.5300767647924474,9.738967442193598,-4.9003644710614225,-6.935972153629876,SZ
1632797021.000,scene-000251-24,Vehicle,43.292275200391344,31.280716678615814,-2.8980324704138263,-0.008479752221111535,-0.006824367886691718,-0.0077595354938431865,91.27220429234296,-1.386407788796646,1.1356934237483074e-07,SZ
1632797021.000,scene-000251-25,Bicycle,15.078529540383252,-6.730846487807084,-3.701814571916781e-15,-1.618912309967713e-14,-1.8658173752700184e-14,-1.1667466383146552e-13,222.11682263392865,-2.5932180847121344e-09,-2.7337563324181247e-08,SZ
1632797021.000,scene-000251-26,Bicycle,15.686282989042073,-6.074699715888019,-4.7175011489340805e-15,-1.198986978696811e-14,-2.1199579536003477e-14,-9.147914395521144e-14,227.32243047194578,-8.956888564171095e-10,-3.784595037359395e-08,SZ
1632797021.000,scene-000251-27,Bicycle,17.09503393777059,-4.806959479940226,-2.690804499311525e-15,-1.2796502679575515e-14,6.201487393774187e-14,-9.809529815025609e-14,226.8220880284787,-1.0585097243165364e-09,-3.687456739953632e-08,SZ
1632797021.000,scene-000251-28,Bicycle,14.350068365990339,-7.374521371907357,-4.218598607194324e-15,-1.336794719008478e-14,-4.6627873715968956e-14,-1.1218210624971318e-13,211.8644872272659,-5.820119497457199e-09,-5.131084890308557e-09,SZ
1632797021.000,scene-000251-29,Bicycle,16.202304253476314,-5.599211561664768,-5.3823216675117425e-15,-1.2288743164953677e-14,3.233206782934546e-15,-1.0748323893832682e-13,244.92795315936667,4.383160501220118e-09,-6.391549334239244e-08,SZ
1632797021.000,scene-000251-30,Bicycle,17.003547884844398,-3.073066536593386,-6.58967047782116e-15,-1.3251469515315142e-14,4.572710542428506e-14,-9.993692074499371e-14,275.3935265004053,8.304070320264145e-09,-5.539899916584545e-08,SZ
1632797021.000,scene-000251-31,Bicycle,20.790660717670974,-1.343558288486483,-9.451704472114577e-15,-1.5264080151371698e-14,2.144947410092355e-14,-1.1290076298103318e-13,212.24201124937076,3.932332987233167e-06,3.387096128903977e-06,SZ
1632797021.000,scene-000251-32,Pedestrian,19.647467522667842,0.38934040839848677,1.499033994850365,0.7974423135435167,-0.1795962126127808,0.14997199599800792,305.5591471787094,-3.881705658884769,-1.9408528216944703,SZ
1632797021.000,scene-000251-33,Bicycle,19.536726906551046,-2.5971243478205204,-1.2896004020877026e-14,-1.5859549032420303e-14,-4.895431469485815e-14,-1.0936814890972381e-13,224.08734779992906,4.466298001659652e-06,7.935525012214839e-06,SZ
1632797021.000,scene-000251-34,Bicycle,17.576874723812107,-4.446120973120177,-1.1475693177827133e-14,-1.296125127103129e-14,-3.3327022278957784e-14,-8.6649291823189e-14,219.08841731328636,-3.5726799296753597e-09,-2.09025330377699e-08,SZ
1632797021.000,scene-000251-35,Bicycle,17.78486484474542,-4.038888584086656,-1.2544552835623515e-14,-1.5099947873173365e-14,9.997811277470904e-15,-9.770511459664118e-14,228.64205100884712,-4.673168518820603e-10,-4.0361896935792174e-08,SZ
1632797021.000,scene-000251-36,Bicycle,19.103549929200124,-3.045009666337773,-1.307806521990454e-14,-1.4732649059850013e-14,-5.0046681889023246e-14,-1.026067490743021e-13,203.25882844633088,-8.196295198104053e-09,1.320390197179222e-08,SZ
1632797021.000,scene-000251-37,Bicycle,18.459098657718837,-3.851111714804709,-1.1684564139054242e-14,-1.445088997974019e-14,8.052316099285573e-15,-9.469894565574227e-14,234.70895834761436,1.4589218721994257e-09,-5.092337573842087e-08,SZ
1632797021.000,scene-000251-38,Bicycle,21.731524741357894,0.15816879678029633,-2.445352369338727e-14,-1.5792788052866812e-14,3.801996913730244e-14,-1.097447391496405e-13,245.31953189112716,4.483666771193384e-09,-6.427200816006007e-08,SZ
1632797021.000,scene-000251-39,Bicycle,22.85740948864826,1.1889990026350634,0.027485417566887712,0.011430518036619682,-0.21300932188839905,-0.0884254260458504,243.07220772912964,0.8200000166423465,-0.3599999159109899,SZ
1632797021.000,scene-000251-41,Bicycle,21.195824080278538,-0.6800764222380522,-1.6844247290366244e-14,-1.567466956544207e-14,-2.290578280858643e-14,-1.0892500592262953e-13,226.69842496536373,-1.0989040788444981e-09,-3.6633011291087314e-08,SZ
1632797021.000,scene-000251-42,Bicycle,24.659237540560344,1.4333575739457844,-1.9257100065953435e-14,-1.7490963699584942e-14,1.235509204109748e-14,-1.2404161822106232e-13,318.2242996011782,1.8370855059401947e-08,-1.193586669501201e-07,SZ
1632797021.000,scene-000251-45,Vehicle,13.755642480764353,-26.42267771248829,1.2578988813568918e-14,-9.594676541871485e-15,9.323750127541601e-14,-1.215169054696379e-13,88.00068399452172,1.2445070751709864e-08,-7.058764595058165e-08,SZ
1632797021.000,scene-000251-46,Vehicle,-19.411267058221153,-26.17357142174606,2.7596870493029643e-14,1.3130380056522928e-14,1.513703682429759e-13,2.904428883593056e-14,92.80373828897712,-1.2004761629214045e-09,-9.867852668321575e-08,SZ
1632797021.000,scene-000251-47,Vehicle,-26.681767196885254,-25.996903237622856,4.058128610822389e-14,1.4058231235560591e-14,2.3638228929174233e-13,9.145481477096455e-14,88.50068399491454,1.253201276085747e-08,-7.075209396134596e-08,SZ
1632797021.000,scene-000251-48,Vehicle,18.845167735503992,38.14956191910358,-6.577058759818979e-14,4.153154912793973e-14,-7.105427357601007e-14,2.842170943040401e-14,91.49772107761913,1.0974417818943039e-08,-6.853446166132926e-08,SZ
1632797021.000,scene-000251-49,Vehicle,69.5992921556911,37.537241998541035,-7.406162321136759,0.04471706375822073,-0.005606306226955127,-5.463969318733608e-05,89.00140139279964,0.1994854493840421,-7.757458320156729e-08,SZ
1632797021.000,scene-000251-50,Vehicle,90.14759189344986,41.263581027107236,-6.586267814898025,-0.16170607902171372,2.8194616084261774,0.30657564502600765,91.50129238834324,-1.500407418383304,1.4970843760328307,SZ
1632797021.000,scene-000251-51,Vehicle,-4.66965573191023,55.219871883155825,-3.305814651544964e-14,1.6485008277455148e-14,-2.392050863989036e-13,2.1259688738634692e-13,178.49979948126222,8.519066341250436e-09,1.3030089007770584e-08,SZ
1632797021.000,scene-000251-52,Vehicle,-8.878055437293341,61.549455823173176,-3.284821962075302e-14,4.8919879458869147e-14,-2.8945987337333114e-13,3.929952597596289e-13,328.35877915359004,3.961126537888049e-08,-1.8215973796031903e-07,SZ
1632797021.000,scene-000251-53,Vehicle,-12.484528456585103,56.82877979224637,-3.0709546596615587e-14,3.23931557358832e-14,-2.411006984405015e-13,4.0752175514332924e-13,136.49897254987235,-3.772828449655208e-08,3.176072880251013e-07,SZ
1632797021.000,scene-000251-54,Vehicle,-12.863414943514796,-43.55507153822374,-3.710848209357047e-05,-0.0012989521061691875,-7.234157569068747e-09,-2.960703162756956e-07,178.49981131436212,-4.439459644345334e-08,1.0890146029396419e-07,SZ
1632797021.000,scene-000251-55,Vehicle,-12.849350148194354,-36.870791438573306,1.2239889648832509e-05,1.4802095692418829e-06,7.343933784325705e-05,8.881257301764457e-06,178.49981135142787,-7.294374881894328e-09,4.058381364302477e-08,SZ
1632797021.000,scene-000251-56,Barrier,6.121268489015468,28.04285853886824,0.03602915413563235,0.012300254328387125,-0.1254728597874734,-0.034341199631173415,195.30667391246664,2.5217545385203266e-08,2.6686592491387273e-08,SZ
1632797021.500,ego,AV,0.00019133538090206,-0.0008040667714614222,-0.0005033266030328109,-0.0011911434664283024,-0.012291535698059344,0.010579948576773884,0.0002765900578609065,-0.001623115661483506,0.0006164293275929822,SZ
1632797021.500,scene-000251-1,Pedestrian,-10.686155288168527,-31.11889874688037,0.07003283312374153,1.092277940010013,0.9032172806392779,0.7416913656047086,359.74875424476403,5.51261036456502,15.182777176708399,SZ
1632797021.500,scene-000251-2,Pedestrian,10.568870474769948,23.043839117629947,0.15003142656718765,0.8878228055330377,-0.3495117595649717,0.5155747146695315,350.882548008409,-1.9866751280107167,9.06641497358902,SZ
1632797021.500,scene-000251-3,Pedestrian,11.933481691034585,-17.096014254970644,0.881968042276519,1.0950668723925585,0.983814250256569,0.6623129912553916,320.5777652892601,-39.37994156830007,-6.353994639589018,SZ
1632797021.500,scene-000251-4,Vehicle,-3.804435574313858,-18.71542803408104,0.1598824737564228,-7.734327375623417,-0.47127566224931605,-0.291722725774477,181.5002765917685,-0.0016231114357054821,0.004618875514907472,SZ
1632797021.500,scene-000251-5,Vehicle,-7.5373930819737645,-7.028041704905363,1.9285061475555905,-5.749505833391521,-0.1377826052915374,-1.5533327389622578,202.50027659131672,-12.00162310937003,0.8648573280286413,SZ
1632797021.500,scene-000251-6,Bicycle,-6.279373629425829,-2.4572377272269055,-0.051965485473133115,-4.527721619628616,0.13843603369926247,0.5442832022845998,175.5002765919071,2.998376887970778,8.999779858495458,SZ
1632797021.500,scene-000251-7,Vehicle,-6.8267394615253245,-37.498057369537136,-3.2813256771195422e-15,1.0373907835328916e-13,-3.640685626192107e-13,4.677390278762342e-13,186.81493970836783,3.506843881950772e-08,8.398529871556093e-09,SZ
1632797021.500,scene-000251-8,Vehicle,-14.36013379330999,-25.918743248462917,0.036508052853877634,0.015496405467017145,0.2497247104100278,0.024736773632908375,91.50027659478036,-0.0016231039953993331,0.0006164429264572391,SZ
1632797021.500,scene-000251-10,Vehicle,-13.786314060875574,-31.97075742767058,0.0009315245929540648,-0.001972499345777467,-0.009501847193064785,0.011850361705068055,91.443151384251,0.0006951604551943547,-0.0009580437686622645,SZ
1632797021.500,scene-000251-11,Vehicle,-7.294381405803353,-43.878769903964105,0.0026563167722867174,-0.0018833748580432926,0.0013101452338265714,0.011921518652030625,178.5005551891975,0.000695615719791931,-0.0009584106669535686,SZ
1632797021.500,scene-000251-12,Vehicle,-10.425957122304016,35.65691944707834,-1.6411682743482223,2.8099096049097247,-2.683975077240385,-0.8425054326771342,16.500276587915323,41.99837686585377,-1.5207857706124912,SZ
1632797021.500,scene-000251-13,Vehicle,-28.11694293062803,28.941833339402866,0.12414766348958109,-0.019007632428776785,0.7683969826035323,0.21133156308550055,271.5002765900312,-0.001623115727397817,0.0006164292507924163,SZ
1632797021.500,scene-000251-14,Vehicle,-25.28463693092299,22.16765140970984,-0.0035555343155719453,-0.009512401531120027,-0.04801118073579172,-0.10714488127773948,268.5002765900845,-0.0016231155955870324,0.0006164294044310736,SZ
1632797021.500,scene-000251-15,Vehicle,-23.1862465778885,18.507368712783823,1.835720543775478e-05,-0.0021367602469208407,-0.011040976779492031,0.011635983607260031,269.1401632042764,0.0007248270773447807,-0.0010315696470115654,SZ
1632797021.500,scene-000251-16,Vehicle,-23.03382067873101,14.912673128656873,8.648774589088148e-05,-0.0021353523360725223,-0.010940416691901607,0.011606139056012973,270.84445309038995,0.0006952555817746342,-0.0009579411360604029,SZ
1632797021.500,scene-000251-17,Vehicle,-45.39707528556941,18.807045031020447,0.8712078613674691,0.010332308245862884,-0.24346189043519084,-0.1397849717441572,271.5002765900312,-0.001623115727397817,0.0006164292507924163,SZ
1632797021.500,scene-000251-18,Bicycle,5.466267496260599,27.754355777451785,-0.07777172357795471,0.056304655436290534,-0.5107091637807661,0.20382209910124652,19.518154988387778,12.4110898839062,-0.6047663052943193,SZ
1632797021.500,scene-000251-19,Vehicle,6.252246057372289,31.208967293554203,-3.35140374040726,-0.7878783187862464,2.418581755374424,-2.135952403046667,92.22185719565016,9.073864113152183,6.502310624794859,SZ
1632797021.500,scene-000251-20,Bicycle,10.133127795425596,27.92591560178907,-0.17582922331873865,-0.276478884081966,0.40462809967308644,1.738959052068749,357.6736910940597,-3.1850106525483,-0.7712504845151642,SZ
1632797021.500,scene-000251-21,Vehicle,0.21950164315402326,-74.05097491393903,0.06979753233141103,12.017287652140721,-0.9617360173423505,-0.8870735590858985,3.82055373756873,-8.368608812174529,-2.879911210862545,SZ
1632797021.500,scene-000251-24,Vehicle,41.84382766250829,31.277123430463057,-2.892914194499006,-0.0026601006008606,0.027297471545969287,0.031038141974846917,90.57900042689005,-1.386407523330604,1.5591149349347688e-07,SZ
1632797021.500,scene-000251-25,Bicycle,15.078529540383247,-6.73084648780709,-1.9906250527195898e-14,2.4243418529815382e-14,-4.6159570068416295e-14,2.7840483034943565e-13,222.11682263879771,-2.8282769903853477e-08,-2.9838247428415343e-09,SZ
1632797021.500,scene-000251-26,Bicycle,15.686282989042066,-6.074699715888023,-2.789766696373698e-14,2.0204172971735323e-14,-7.15210837232081e-14,2.2025531499002517e-13,227.32243047181333,-3.396957026780001e-08,-3.792607117247826e-09,SZ
1632797021.500,scene-000251-27,Bicycle,17.09503393777059,-4.8069594799402315,-1.0122109485812418e-14,1.8142406787510544e-14,-9.174009388374542e-14,2.218509360186003e-13,226.82208802884162,-3.3471934557383065e-08,-3.7234997307677986e-09,SZ
1632797021.500,scene-000251-28,Bicycle,14.350068365990332,-7.374521371907362,-2.2538398502225126e-14,2.2806997833393347e-14,-2.6651325864154246e-14,2.568818863436257e-13,211.86448724046554,-1.4341111409521545e-08,-8.706848575457116e-10,SZ
1632797021.500,scene-000251-29,Bicycle,16.202304253476306,-5.599211561664774,-3.2676222506316164e-14,1.947387295528455e-14,-1.1240881013815226e-13,2.3453370341927973e-13,244.92795314160082,-4.368926909137372e-08,-4.984094914561865e-09,SZ
1632797021.500,scene-000251-30,Bicycle,17.003547884844394,-3.0730665365933922,-1.956871747323195e-14,1.4183675589473453e-14,-9.764329340592823e-14,2.096775011641481e-13,275.39352646697205,-2.309614899331791e-08,-1.97435667814716e-09,SZ
1632797021.500,scene-000251-31,Bicycle,20.790660717670967,-1.343558288486491,-2.909152372660775e-14,1.0791716384194931e-14,-1.0000875111889626e-13,2.1712394912329972e-13,212.24200473738944,7.572096549779417e-06,8.419280703719778e-07,SZ
1632797021.500,scene-000251-32,Pedestrian,20.38401602057938,0.7960450322058376,1.466122050921697,0.8078501167575693,0.04794843689810868,-0.10834078314179507,303.61829433389323,-3.8817056429850467,3.5787195429293206e-09,SZ
1632797021.500,scene-000251-33,Bicycle,19.536726906551035,-2.597124347820528,-2.5918259502940425e-14,1.376403588756517e-14,-3.134707233395467e-15,2.278624885896657e-13,224.08734239381013,9.854778937778974e-06,7.282100540351166e-07,SZ
1632797021.500,scene-000251-34,Bicycle,17.576874723812097,-4.446120973120181,-3.266570429301531e-14,2.0939472906856073e-14,-5.143302218179494e-14,2.2225218853473846e-13,219.08841732086557,-2.449875324828099e-08,-2.4268516085612646e-09,SZ
1632797021.500,scene-000251-35,Bicycle,17.784864844745414,-4.038888584086663,-2.004291129372671e-14,1.7322680768101765e-14,-3.99912451098837e-14,2.273956291617417e-13,228.64205100739724,-3.522917069176401e-08,-3.9661571804572304e-09,SZ
1632797021.500,scene-000251-36,Bicycle,19.103549929200113,-3.0450096663377795,-2.5281045306344122e-14,1.5148956501769916e-14,1.2347615432648958e-15,2.2213317132078182e-13,203.25882846418045,-8.827782949083485e-10,1.3165788459446048e-09,SZ
1632797021.500,scene-000251-37,Bicycle,18.45909865771883,-3.851111714804715,-2.127651489231892e-14,1.793755800511106e-14,-4.6420119112344285e-14,2.2425273759514722e-13,234.7089583399859,-3.997059394578173e-08,-4.590702928908286e-09,SZ
1632797021.500,scene-000251-38,Bicycle,21.731524741357884,0.15816879678028786,-2.454679111596009e-14,8.229057516542835e-15,-3.839303882759368e-14,2.058321214272791e-13,245.3195318729964,-4.3719659004182176e-08,-4.98283725391957e-09,SZ
1632797021.500,scene-000251-39,Bicycle,22.85577957376518,1.188332706212033,-0.011497993960149378,-0.00475245809995916,0.05707567578025069,0.023693521499535013,243.39220773211252,0.6400000968310309,-0.17999992927645536,SZ
1632797021.500,scene-000251-41,Bicycle,21.195824080278527,-0.6800764222380603,-2.453390593552992e-14,9.952822132959665e-15,-7.8528517720683e-15,2.1143497271623645e-13,226.6984249658486,-3.334720588554774e-08,-3.705935114339809e-09,SZ
1632797021.500,scene-000251-42,Bicycle,24.659237540560333,1.4333575739457745,-2.8523419096776513e-14,6.040288624677013e-15,-4.9420368164389755e-14,2.1816662751811016e-13,318.22429948959086,1.4001621195802727e-08,1.687192252575187e-08,SZ
1632797021.500,scene-000251-45,Vehicle,13.755642480764356,-26.422677712488287,-2.7151070873188832e-14,7.088486152395545e-14,-2.52157740022447e-13,4.4343505773294587e-13,88.00068399737017,-6.668645369245496e-08,-1.5609657566528767e-08,SZ
1632797021.500,scene-000251-46,Vehicle,-19.411267058221135,-26.173571421746047,1.3545077317211767e-14,5.174329596918353e-14,-2.0757754094624741e-13,1.2540737481471184e-13,92.8037382089301,-1.4747172372153727e-08,1.1150291356898379e-08,SZ
1632797021.500,scene-000251-47,Vehicle,-26.681767196885225,-25.99690323762284,3.027211204304069e-14,5.560124420015271e-14,-2.7761898555247515e-13,7.471723708740399e-14,88.50068399737833,-6.639618277404225e-08,-1.553743800286611e-08,SZ
1632797021.500,scene-000251-48,Vehicle,18.845167735503967,38.14956191910358,9.076908076104553e-17,-9.016852561348047e-14,3.3449970029181337e-13,-5.552220083960846e-13,91.49772103272653,4.319957724874257e-08,7.4064985255972715e-09,SZ
1632797021.500,scene-000251-49,Vehicle,65.89667818730827,37.55960508372788,-7.4019575914667515,0.04475804352793363,0.02242522490698562,0.00021855877203894036,89.10114411242128,0.19948537358018825,-1.1975203051406424e-08,SZ
1632797021.500,scene-000251-50,Vehicle,86.98914039451708,41.19228201804321,-6.483038765907158,-0.18102580759723966,-2.4065454124627017,-0.3838545593281114,91.50027659478036,-0.001623235623810615,1.5006164426918076,SZ
1632797021.500,scene-000251-51,Vehicle,-4.669655731910248,55.21987188315582,1.9336154266610163e-14,-1.2875180254710303e-13,4.4878228952714285e-13,-7.935441306845794e-13,178.4997994366642,5.8568502936395817e-08,1.5513819562329445e-08,SZ
1632797021.500,scene-000251-52,Vehicle,-8.878055437293359,61.54945582317318,3.147999722082378e-14,-1.534560097120395e-13,5.467727407396383e-13,-1.2024988164432634e-12,328.35877896700936,3.367352974237292e-08,2.736972248840175e-08,SZ
1632797021.500,scene-000251-53,Vehicle,-12.484528456585117,56.82877979224638,3.6429139512144535e-14,-1.240341861119927e-13,5.09655442875542e-13,-1.0332311225348332e-12,136.49897272913847,8.707036158739356e-08,-1.0957990070892265e-08,SZ
1632797021.500,scene-000251-54,Vehicle,-12.863433497152979,-43.55572098960429,-3.7103056372365e-05,-0.001298730053360928,2.8937042390953308e-08,1.1842815493120704e-06,178.49981138598835,2.7992072659799305e-08,1.602199972694507e-08,SZ
1632797021.500,scene-000251-55,Vehicle,-12.84935014819433,-36.87079143857329,-4.283961361992345e-05,-5.180733378659752e-06,-0.00029375735091828083,-3.552502909337099e-05,178.49981135297799,4.0873374018701725e-08,9.880238849291345e-09,SZ
1632797021.500,scene-000251-56,Barrier,6.1240184264636515,28.044830821991578,-0.02419046863529453,-0.004181510008961068,-0.11540563129623412,-0.03158585771821934,195.30667387418666,7.32105576162212e-08,4.933080788305233e-08,SZ
1632797022.000,ego,AV,-0.0005004493886409688,-0.0006545488562449209,-7.117148667771561e-05,0.0006344072799621413,0.014020156163479725,-0.0032777455912121087,359.9996690895087,0.0002090202630569138,0.0017280866129742154,SZ
1632797022.000,scene-000251-1,Pedestrian,-10.656585830840461,-30.50951966588761,-0.18845324243890896,1.286295764535355,-1.93716158288988,0.03437993249666249,7.151066762281559,10.844278750676963,-1.9624103647066278,SZ
1632797022.000,scene-000251-2,Pedestrian,10.62881024930917,23.53719483208397,0.14695373399219994,1.055594996990676,0.33720098926502085,0.15551405116102046,351.2925509272102,-1.7271478442065415,-0.6625726335154667,SZ
1632797022.000,scene-000251-3,Pedestrian,12.459025132090659,-16.5994574855466,1.1433709992192649,0.6236286239452912,0.061797577514412616,-2.5480659850444627,300.2173690718156,-32.26641825254208,26.284334023108087,SZ
1632797022.000,scene-000251-4,Vehicle,-3.7609867375050787,-22.585300015008052,0.05874698890215928,-7.67764645287162,0.06673372283226181,0.5184464167816785,181.49966911240574,0.004211462989772485,0.007302065601237473,SZ
1632797022.000,scene-000251-5,Vehicle,-6.6383081476218475,-10.071514899138231,1.5719429623232049,-6.373494313873598,-1.288470135638005,-0.9426211829660431,193.49966910887414,-8.135550083035497,9.155013778142262,SZ
1632797022.000,scene-000251-6,Bicycle,-6.300057520128928,-4.743741029323615,-0.05478138169714242,-4.799647373894173,-0.14969961859529968,-1.6319862193468353,178.4996691133252,6.000209021589853,0.0017280684772345012,SZ
1632797022.000,scene-000251-7,Vehicle,-6.826739461525336,-37.498057369537094,2.8301875272432003e-14,-6.861752880200082e-14,4.904013664174169e-13,-1.157165456497394e-12,186.8149397443761,4.79570871902979e-09,-3.299581408100494e-08,SZ
1632797022.000,scene-000251-8,Vehicle,-14.365145403357754,-25.912659799324487,-0.1655169435968513,-0.0006763095116823334,-1.0578246962129438,-0.08942763354770629,91.49966915271943,0.00020902430850355813,0.0017280374462984582,SZ
1632797022.000,scene-000251-10,Vehicle,-13.786410034798495,-31.970748077323407,-6.343092516753322e-05,0.001038510348331106,0.005522025120578394,0.00019367707136624078,91.44349421759426,-0.00025071443434399043,-0.0012646442812922487,SZ
1632797022.000,scene-000251-11,Vehicle,-7.294413079145537,-43.87872010543141,-0.005830209906132158,0.001085161249237206,-0.03525625194750208,-4.7374222908629256e-05,178.50089836186544,-0.00025065028216886276,-0.0012653381841118971,SZ
1632797022.000,scene-000251-12,Vehicle,-11.538441295551417,36.97460832360383,-2.7215747214778636,2.4969404075028008,-1.6376507112781802,-0.4093713569505546,37.49966905308972,39.00020901626675,-11.99827187895167,SZ
1632797022.000,scene-000251-13,Vehicle,-27.955065991082893,28.950986128015977,0.530867064640783,0.04009910576484495,0.8584806220012742,0.025095389688986364,271.49966908915167,0.00020902024021496324,0.0017280868907221247,SZ
1632797022.000,scene-000251-14,Vehicle,-25.2882769618006,22.160362022298745,-0.0027263214505821756,0.0020746989151030947,0.05132803219575079,0.153493283062632,268.49966908986573,0.00020902028591995858,0.0017280863352422404,SZ
1632797022.000,scene-000251-15,Vehicle,-23.18662131200764,18.507330071853563,0.0004751250691493914,0.0011326790104669205,0.012868048234338578,0.0014417734222910133,269.1405063410722,-0.00024145688441634672,-0.0013129764848766046,SZ
1632797022.000,scene-000251-16,Vehicle,-23.03417509409598,14.912634008956127,0.00043563649139131825,0.001134451703663844,0.012337011673903353,0.0014730771029324921,270.84479596663573,-0.00025060172015400894,-0.0012643495335112886,SZ
1632797022.000,scene-000251-17,Vehicle,-44.99442784750963,18.804564981599025,0.7343343782325422,-0.0005986700842177585,-0.30403204210451484,0.09606105842383461,271.49966908915167,0.00020902024021496324,0.0017280868907221247,SZ
1632797022.000,scene-000251-18,Bicycle,5.406235494304456,27.797671793287034,-0.07697127363575904,0.09633125936359876,0.5139109635495489,-0.04371568339201365,25.49966905766641,2.2379007763687326,-18.4109848931965,SZ
1632797022.000,scene-000251-19,Vehicle,4.7957522097838075,30.701358982242237,-2.6408010435599736,-0.9359051295376355,0.42382903201472466,1.5438451600411112,98.851200519401,9.642591308104329,3.9911331824216063,SZ
1632797022.000,scene-000251-20,Bicycle,10.08492036486568,27.924901931996843,-0.03874316164029195,0.11213598639336979,0.1437161470407004,-0.18449957016740576,355.21134590432655,-1.4949612924961997,3.818747358453521,SZ
1632797022.000,scene-000251-21,Vehicle,0.17086685179091468,-67.98411132978526,-0.19096980850588594,12.58837459041262,-0.08133334600683717,3.171421312173507,1.3703586300190693,-7.780275681923968,8.498024232928543,SZ
1632797022.000,scene-000251-24,Vehicle,40.39538012462526,31.2735301823103,-2.911681206186641,-0.023998823208534997,-0.10236551829650153,-0.11639303240554452,89.88579676901233,-1.3864076328851525,1.003445987635132e-06,SZ
1632797022.000,scene-000251-25,Bicycle,15.07852954038324,-6.730846487807074,8.719829425889858e-15,-2.216477531937614e-14,1.6066388988075933e-13,-4.640376057462016e-13,222.11682260564586,-5.577042827553669e-09,6.245271322313783e-08,SZ
1632797022.000,scene-000251-26,Bicycle,15.686282989042056,-6.074699715888012,9.726758639866968e-15,-2.619425795436717e-14,2.2201878613762387e-13,-4.0584903869443505e-13,227.3224304379762,-4.6882959736649354e-09,6.545755582010315e-08,SZ
1632797022.000,scene-000251-27,Bicycle,17.095033937770584,-4.80695947994022,5.466782969551802e-16,-2.24696308430614e-14,1.3441524501481583e-13,-3.8429908654088814e-13,226.82208799500677,-4.782009455084335e-09,6.527417895085819e-08,SZ
1632797022.000,scene-000251-28,Bicycle,14.350068365990325,-7.374521371907348,9.107064324882801e-15,-2.456933896148109e-14,1.5323317717258598e-13,-4.463872335231235e-13,211.86448721292476,-6.690804355002911e-09,4.973334455371514e-08,SZ
1632797022.000,scene-000251-29,Bicycle,16.202304253476292,-5.599211561664761,8.189519255958373e-15,-2.2974184510578508e-14,2.758717771872504e-13,-4.0432593328273196e-13,244.92795311567738,-6.009344133417471e-10,5.7837908684632566e-08,SZ
1632797022.000,scene-000251-30,Bicycle,17.003547884844384,-3.073066536593382,-4.0058792046305785e-16,-1.9502415510675288e-14,1.743158116170038e-13,-3.4442186556474307e-13,275.39352647730914,6.329710977581726e-09,-2.6398083718959242e-09,SZ
1632797022.000,scene-000251-31,Bicycle,20.790660717670953,-1.3435582884864816,-2.0798930582724646e-15,-1.99091796081069e-14,2.080552737922374e-13,-3.3992753309250704e-13,212.2420188214673,4.774261057605145e-06,-1.036905655382725e-05,SZ
1632797022.000,scene-000251-32,Pedestrian,21.12056451849092,1.2027496560132027,1.4750597764013105,0.8516127051145012,-0.01219753497966014,0.2833911365695241,301.67744153572437,-3.881705655306046,-5.875325825854816e-08,SZ
1632797022.000,scene-000251-33,Bicycle,19.536726906551028,-2.5971243478205173,9.987631668623707e-15,-2.0544847704137747e-14,1.4675827191965204e-13,-3.6509802295647736e-13,224.087357654708,5.194508062800196e-06,-1.0768716265374678e-05,SZ
1632797022.000,scene-000251-34,Bicycle,17.576874723812086,-4.446120973120169,1.4240817913070332e-14,-2.283500569258624e-14,2.3905911100613755e-13,-3.973501029325077e-13,219.08841728878758,-5.999531538236624e-09,5.960643534308474e-08,SZ
1632797022.000,scene-000251-35,Bicycle,17.784864844745407,-4.038888584086651,7.451069719318332e-15,-2.2216352090029195e-14,1.4996716916206388e-13,-3.855517605942656e-13,228.64205097361796,-4.433474032339291e-09,6.58332055536448e-08,SZ
1632797022.000,scene-000251-36,Bicycle,19.103549929200106,-3.045009666337769,7.62083608126601e-15,-2.188235961532627e-14,1.3037276400717564e-13,-3.702584357891665e-13,203.2588284454481,-6.8797163521594484e-09,3.295569683814392e-08,SZ
1632797022.000,scene-000251-37,Bicycle,18.459098657718823,-3.8511117148047034,1.15254954171179e-14,-2.266038367239916e-14,1.7762816035009157e-13,-3.866445043051881e-13,234.70895830764374,-3.1317881621362176e-09,6.554445519668661e-08,SZ
1632797022.000,scene-000251-38,Bicycle,21.731524741357877,0.15816879678029605,1.6059277793212588e-14,-1.8788776550242265e-14,2.0081731446428441e-13,-3.139034576944195e-13,245.3195318474075,-4.991704827261856e-10,5.7374030859591585e-08,SZ
1632797022.000,scene-000251-39,Bicycle,22.8541496588821,1.187666409789019,-0.0010524203232376368,-0.0004162427130492402,-0.015293381232603728,-0.006348659951895335,243.71220782596066,0.6400000873658911,-3.9412775265645905e-09,SZ
1632797022.000,scene-000251-41,Bicycle,21.19582408027852,-0.6800764222380514,8.398460668470904e-15,-1.9473682262970933e-14,1.3958231818807158e-13,-3.2914099029995893e-13,226.6984249320165,-4.804839193184307e-09,6.522524387264639e-08,SZ
1632797022.000,scene-000251-42,Bicycle,24.659237540560323,1.4333575739457822,5.453084016241448e-15,-1.9992867094624992e-14,1.853263806164616e-13,-3.222992503953182e-13,318.2242996151798,3.524277758515382e-08,-1.5289978705368412e-07,SZ
1632797022.000,scene-000251-45,Vehicle,13.75564248076434,-26.422677712488255,2.1418307424375894e-14,-6.078194882592031e-14,4.464352532127059e-13,-9.70102299132449e-13,88.00068392783527,-3.164586814818904e-09,6.810782338106947e-08,SZ
1632797022.000,scene-000251-46,Vehicle,-19.411267058221135,-26.17357142174603,2.480423060213832e-14,-2.825702527802999e-14,2.5261415408595365e-13,-4.4540865980356594e-13,92.80373827422989,9.949815193976974e-09,-4.544727971733664e-08,SZ
1632797022.000,scene-000251-47,Vehicle,-26.681767196885225,-25.99690323762282,8.860522302037396e-15,-2.330038730814139e-14,1.9197262658846195e-13,-3.903237631205804e-13,88.50068392851836,-3.0054252420086414e-09,6.686002507194644e-08,SZ
1632797022.000,scene-000251-48,Vehicle,18.845167735503978,38.14956191910353,-1.9857617016066414e-14,2.071460430674002e-14,-4.142932446791232e-13,9.987545280769666e-13,91.49772112081871,1.838091634454031e-08,-4.759931471198797e-08,SZ
1632797022.000,scene-000251-49,Vehicle,62.194064218925476,37.58196816891474,-7.417374933589995,0.044607784372286526,-0.08409459339997483,-0.0008195953946274204,89.20088676637982,0.19948543740883906,8.037577003960905e-08,SZ
1632797022.000,scene-000251-50,Vehicle,83.59485694655426,41.103856205394194,-6.797986802846931,-0.07253962086757584,1.1467532647036158,0.8177993062467667,91.49966915271943,0.00020902430850355813,0.001728103169256201,SZ
1632797022.000,scene-000251-51,Vehicle,-4.669655731910225,55.21987188315575,-1.764111795998726e-14,2.95639963092908e-14,-5.966913784335315e-13,1.4268073261101528e-12,178.49979953983075,2.403288590357988e-08,-1.9938785555950744e-07,SZ
1632797022.000,scene-000251-52,Vehicle,-8.878055437293336,61.5494558231731,-6.10973461533376e-14,9.594595378762272e-14,-9.170821142362838e-13,2.2001066704419122e-12,328.35877918726356,6.698098786728224e-08,-2.3427614337379055e-07,SZ
1632797022.000,scene-000251-53,Vehicle,-12.484528456585094,56.82877979224631,-6.171630626995505e-14,8.005051140163356e-14,-9.022372260039404e-13,1.8495699125893384e-12,136.4989726369427,-4.868627456744434e-08,6.11670429861988e-08,SZ
1632797022.000,scene-000251-54,Vehicle,-12.863452050791198,-43.556370440984814,-3.712295082792877e-05,-0.0012995442468159463,-1.085148646460274e-07,-4.441055369388755e-06,178.49981134235418,-2.837259671650827e-08,1.012756456475472e-08,SZ
1632797022.000,scene-000251-55,Vehicle,-12.849350148194343,-36.87079143857326,0.00015911856489481013,1.9242724243825075e-05,0.0011015900649772154,0.00013321885958331034,178.49981139230127,2.5858639673970174e-09,-4.7403148073499324e-08,SZ
1632797022.000,scene-000251-56,Barrier,6.1074778303233925,28.04152339711999,-0.022011231746906015,-0.0035850647820408663,0.12412257884978815,0.03397163862590015,195.30667398567718,7.45483532682556e-08,-6.315990219718515e-08,SZ
1632797022.500,ego,AV,0.0002549375705034831,-0.0005257176499275249,0.0011696256873522117,0.00032360907578312087,-0.009056967467360016,0.002034552774496028,0.0004856103209282954,0.00010497095149070946,-0.0005796377345603787,SZ
1632797022.500,scene-000251-1,Pedestrian,-10.842725734240856,-29.870945582454883,-0.2556425398020834,1.250257988401479,1.6684043934371824,-0.178531037032168,10.593032995441007,3.5501999998583926,-7.650310658084791,SZ
1632797022.500,scene-000251-2,Pedestrian,10.723133083603923,24.051073954627412,0.18772929046785938,0.933206228489052,-0.17409876336238328,-0.6450691251675145,349.15540016420243,-2.6492477615261834,2.4409728788673704,SZ
1632797022.500,scene-000251-3,Pedestrian,13.075086652625973,-16.43112091597283,1.3941777303947547,0.3997786658131611,0.9414293471875448,1.6526661525159425,288.3113470367181,-13.095607545191982,26.67210072832632,SZ
1632797022.500,scene-000251-4,Vehicle,-3.720286609935379,-26.387796062514667,0.11002335690581522,-7.58929498349187,0.13837174918236184,-0.1650405392626766,181.50448805475827,0.005678954165531991,-0.003977561342566105,SZ
1632797022.500,scene-000251-5,Vehicle,-5.993362809945812,-13.323788630635052,1.0479036353193043,-6.53099846549222,-0.8076871723775954,0.31260457649152684,194.36472650828125,-2.846609331227768,1.2709385682838814,SZ
1632797022.500,scene-000251-6,Bicycle,-6.332223589173596,-7.302609931795978,-0.046008746224897645,-5.345922112209124,0.18479016048427865,-0.553112733912954,181.50048561349695,3.0001049564480127,-6.000579641499385,SZ
1632797022.500,scene-000251-7,Vehicle,-6.826739461525304,-37.49805736953718,1.264244650600881e-14,-8.506434801892198e-14,-5.530390814831097e-13,1.0913781796297096e-12,186.81493971316354,2.072624738502782e-09,-1.135651928052539e-08,SZ
1632797022.500,scene-000251-8,Vehicle,-14.462522904806235,-25.91853637940951,0.011225052556053798,-0.011549953099843482,1.7647926808245642,0.04593305919506169,91.50048561908886,0.00010493345089912509,-0.0005796485104951898,SZ
1632797022.500,scene-000251-10,Vehicle,-13.786104262409992,-31.97015446205032,0.0005809899012054074,0.0014362516740128342,-0.0029443418150866298,0.0013972882313606698,91.4429006698166,-0.000569483826097894,-0.0011884978171678995,SZ
1632797022.500,scene-000251-11,Vehicle,-7.294230005212717,-43.878196547243654,0.021572926396057967,0.000982870183803808,0.14486879715626255,-0.0003617900388249596,178.5003045389153,-0.0005697224643199661,-0.0011882449327487166,SZ
1632797022.500,scene-000251-12,Vehicle,-13.143221141094047,38.12767224550374,-3.7761169524805096,2.0268455556314793,-2.580518212732411,-1.471008050534735,55.500485604182074,30.0001049869021,-19.316607149226883,SZ
1632797022.500,scene-000251-13,Vehicle,-27.563136843665102,28.955268881131268,1.0752205997248616,-0.06077554026019099,1.3189335183350401,-0.42859397378913,271.5004856102714,0.00010497116332430778,-0.0005796376737094988,SZ
1632797022.500,scene-000251-14,Vehicle,-25.284555724002495,22.166390731257046,0.014948061640869066,-0.006350464846060254,0.019369500170054198,-0.18719393810728535,268.50048561037045,0.00010497073965520798,-0.0005796377954516707,SZ
1632797022.500,scene-000251-15,Vehicle,-23.185831507004476,18.508009525265233,0.0005715678221102398,0.0014509190935179032,-0.012482277222495184,-0.00016881309008708566,269.139921747392,-0.0005881494075318239,-0.0012397968755176736,SZ
1632797022.500,scene-000251-16,Vehicle,-23.033417603079823,14.913314491455452,0.0005894201956766457,0.001445722312888904,-0.011721876856762046,-0.00022799466603225238,270.8442024886698,-0.0005690939517366544,-0.001188016197630759,SZ
1632797022.500,scene-000251-17,Vehicle,-44.64626301713674,18.813056936200073,0.696328236298369,0.02813380316876627,0.15200747436782125,0.0188688345881015,271.5004856102714,0.00010497116332430778,-0.0005796376737094988,SZ
1632797022.500,scene-000251-18,Bicycle,5.411148353171899,27.830276232387774,0.05494195958878868,0.013893036725250288,0.013741969348642052,-0.28603720716138026,21.75605576475651,-5.999895009290299,1.2624212509922046,SZ
1632797022.500,scene-000251-19,Vehicle,3.428824091242341,30.25013677652326,-3.0259238821325334,-1.2214842652488713,-1.9643203863049514,-2.6861617028860563,101.86444850375449,13.06499729557379,1.7596238234492034,SZ
1632797022.500,scene-000251-20,Bicycle,10.082587538527228,27.958163150172656,0.0275603284897028,0.021420228809989613,0.12149781347927857,-0.17836346016611482,356.17872980156346,0.6337367059052212,0.8163464830731897,SZ
1632797022.500,scene-000251-21,Vehicle,0.18379898254700533,-61.68041477665199,0.4798657380500251,11.85257480993101,2.7646755322304823,-6.114620434099962,356.04027805564476,0.12941542075401458,13.240112618360882,SZ
1632797022.500,scene-000251-22,Vehicle,-61.58952873340943,11.957277306950054,9.684806344791689,-0.13402567934740317,1.7926669514337306,0.09171972679424889,277.33600357152784,-5.502576518126602,-0.002982176638539613,SZ
1632797022.500,scene-000251-24,Vehicle,38.94693258674223,31.26993693415759,-2.841731435350796,0.055536415602210086,0.3821646016398841,0.4345339876485248,89.19259279400487,-1.3864065198846163,3.6929724344979604,SZ
1632797022.500,scene-000251-25,Bicycle,15.078529540383249,-6.730846487807105,-4.314926139962036e-15,-2.084944554352286e-14,-2.128029121441669e-13,4.692989248496148e-13,222.11682263322066,3.416994331928436e-08,8.715979049611633e-09,SZ
1632797022.500,scene-000251-26,Bicycle,15.686282989042068,-6.07469971588804,-3.512265593293829e-16,-1.667948100008093e-14,-2.6233072693440924e-13,4.4390814651158005e-13,227.32243046712506,3.14879926577305e-08,6.928779328063683e-09,SZ
1632797022.500,scene-000251-27,Bicycle,17.095033937770587,-4.806959479940246,-1.338088577481131e-14,-1.3529011706476961e-14,-1.9012550130188179e-13,4.2006156308722586e-13,226.8220880240596,3.180224439347512e-08,7.1142594038065e-09,SZ
1632797022.500,scene-000251-28,Bicycle,14.350068365990333,-7.374521371907378,-3.231717760904579e-15,-2.0452911315082497e-14,-2.025883055157355e-13,4.628529441087178e-13,211.86448723377475,3.5392233144193597e-08,1.1142901712446474e-08,SZ
1632797022.500,scene-000251-29,Bicycle,16.202304253476306,-5.599211561664789,-8.18545175173251e-17,-1.817133372238329e-14,-3.089572722811532e-13,4.2353733643551287e-13,244.92795314099988,1.4148643145972528e-08,-7.982663419170422e-10,SZ
1632797022.500,scene-000251-30,Bicycle,17.00354788484439,-3.073066536593405,-1.4521291771882355e-16,-1.3445536060683196e-14,-1.7329431160602685e-13,3.6864938336471147e-13,275.3935264733018,-2.5735960917927514e-08,-1.2569810081686228e-08,SZ
1632797022.500,scene-000251-31,Bicycle,20.79066071767096,-1.3435582884865038,-5.221468185908408e-15,-8.426520465678223e-15,-2.2062157430278115e-13,3.8585816966222177e-13,212.2420095116505,-2.7969600040478326e-06,-9.222531197394801e-06,SZ
1632797022.500,scene-000251-32,Pedestrian,21.857113016402465,1.6094542798205438,1.4722208184115684,0.6661545484726632,0.0008417030206917531,-1.0252237631368768,299.73658867858717,-3.8817057017383085,-1.2066763588336471e-08,SZ
1632797022.500,scene-000251-33,Bicycle,19.536726906551035,-2.5971243478205412,-1.4032267171554406e-14,-1.1520702844025454e-14,-2.4283786728036444e-13,4.0119460239692653e-13,224.0873475883182,-9.139373347011315e-07,-9.632871410758526e-06,SZ
1632797022.500,scene-000251-34,Bicycle,17.5768747238121,-4.446120973120196,-2.9812852864630242e-15,-1.4864578427723127e-14,-3.0794752380427094e-13,4.292318119919602e-13,219.08841731486604,3.5107696305658465e-08,9.595773065029789e-09,SZ
1632797022.500,scene-000251-35,Bicycle,17.784864844745414,-4.038888584086677,-9.761367583546623e-15,-1.3722400699197011e-14,-2.1881691837352373e-13,4.195275661575943e-13,228.64205100296377,3.0604049072735506e-08,6.426944310078397e-09,SZ
1632797022.500,scene-000251-36,Bicycle,19.103549929200113,-3.0450096663377937,-5.202299018719923e-15,-1.2884646331676862e-14,-1.8166530440711938e-13,4.062492889237642e-13,203.25882845730072,3.2072918543235573e-08,1.1846708503071568e-08,SZ
1632797022.500,scene-000251-37,Bicycle,18.459098657718833,-3.8511117148047296,-3.509184703349679e-15,-1.522568686582682e-14,-2.377668808319619e-13,4.1638329153147744e-13,234.70895833685412,2.557386835633224e-08,3.91423782275524e-09,SZ
1632797022.500,scene-000251-38,Bicycle,21.731524741357887,0.15816879678027576,-1.8374037984087256e-14,-5.682537126059007e-15,-3.385505775734837e-13,3.6632841539115256e-13,245.31953187249724,1.3654371855409408e-08,-9.838174719334347e-10,SZ
1632797022.500,scene-000251-39,Bicycle,22.85251974399904,1.1870001133659787,-0.0038513033437409332,-0.0015781281241700328,0.004097849150590542,0.0017011183074121658,244.0322078194784,0.6400000928897533,-5.1648100907186745e-08,SZ
1632797022.500,scene-000251-41,Bicycle,21.195824080278527,-0.6800764222380729,-9.059936738353695e-15,-7.331214150661537e-15,-2.0941590781537e-13,3.7771086274919645e-13,226.69842496104377,3.187803798709865e-08,7.1595707140659215e-09,SZ
1632797022.500,scene-000251-42,Bicycle,24.65923754056033,1.4333575739457616,-1.4605199040992286e-14,-3.3403427600879383e-15,-2.6555951284539663e-13,3.889093477334664e-13,318.22429952483367,-1.3889817296330875e-07,-8.29325017548399e-08,SZ
1632797022.500,scene-000251-45,Vehicle,13.755642480764367,-26.422677712488326,5.426687394094281e-15,-6.223616902110724e-14,-5.104017333338324e-13,9.642854183517013e-13,88.00068399420559,1.4213696886145044e-09,4.160938260611147e-09,SZ
1632797022.500,scene-000251-46,Vehicle,-19.411267058221114,-26.173571421746065,1.5135692711052984e-14,-4.529660522107858e-14,-2.9128830565029496e-13,3.7725034003137157e-13,92.80373821887997,-6.019445208949037e-08,-2.269331389470608e-08,SZ
1632797022.500,scene-000251-47,Vehicle,-26.68176719688521,-25.996903237622853,1.955092704002174e-14,-4.766482325879917e-14,-1.4921100763652462e-13,2.928660193179492e-13,88.5006839943729,4.638422979041934e-10,3.8187408790690824e-09,SZ
1632797022.500,scene-000251-48,Vehicle,18.84516773550395,38.1495619191036,-2.724171138051041e-14,9.257523667773237e-14,3.8475686722134723e-13,-7.113119985929974e-13,91.49772105110748,-4.399737463245401e-09,-2.785196784316213e-08,SZ
1632797022.500,scene-000251-49,Vehicle,58.491450250542684,37.604331254101645,-7.359910294766769,0.045167841225503116,0.31395314869286395,0.003059822807493784,89.30062954983012,0.1994854539559583,3.5502409900800558e-09,SZ
1632797022.500,scene-000251-50,Vehicle,80.3123054049677,41.122364111657355,-6.386023960001381,0.05167685275242076,0.5010981066785831,-0.32093341176678025,91.50048561908886,0.00010486754544558607,-0.0005796485104951898,SZ
1632797022.500,scene-000251-51,Vehicle,-4.669655731910279,55.21987188315587,-1.3528915056368768e-13,3.0892376632918234e-13,1.2609924801872988e-13,-3.0936824603058695e-13,178.49979946069712,-1.4081935262311163e-07,-2.92261769550982e-07,SZ
1632797022.500,scene-000251-52,Vehicle,-8.878055437293396,61.54945582317325,-1.0911574371904962e-14,1.5336527187200269e-13,1.1178252013620142e-12,-1.9704293981043922e-12,328.35877903399034,-2.0060261363141763e-07,-1.5408801345984102e-07,SZ
1632797022.500,scene-000251-53,Vehicle,-12.484528456585153,56.828779792246436,-2.7267351603543842e-15,1.448926536703065e-13,1.138195510442343e-12,-1.590201343514647e-12,136.4989726804522,1.4823740457359236e-07,1.2695966233877698e-07,SZ
1632797022.500,scene-000251-54,Vehicle,-12.86347060442937,-43.557019892365474,-3.7048798662930314e-05,-0.0012965095264862532,4.0512352463985117e-07,1.65799366881594e-05,178.49981135761573,3.8119637224554026e-08,3.9914297644827457e-08,SZ
1632797022.500,scene-000251-55,Vehicle,-12.849350148194313,-36.87079143857332,-0.0005936346458527358,-7.17901637671708e-05,-0.004112602907967399,-0.0004973504116272938,178.49981135556385,-6.529774054797599e-09,-6.4690937051636865e-09,SZ
1632797022.500,scene-000251-56,Barrier,6.105405134364282,28.04217575322195,0.0005556430266998349,0.002591356519361467,-0.03385507975536475,-0.009265953420290816,195.306673948735,1.0050655419036048e-08,-1.1795168575190473e-07,SZ
1632797023.000,ego,AV,-0.0002078171567674225,-0.00041782217289253214,-0.0028515378714898533,-0.0005084834829802924,-0.007027686768008237,-0.005362923009549682,359.9997740604602,-0.0003706174715034649,-0.0017032915431656193,SZ
1632797023.000,scene-000251-1,Pedestrian,-10.888895960012361,-29.26734612094499,-0.18283737338415668,1.1657135515144499,-1.3771837277654757,-0.15964671051595225,10.701266762139966,3.193968092592172,-4.275544388475055,SZ
1632797023.000,scene-000251-2,Pedestrian,10.811127060294803,24.48890755852852,0.19602997005015801,0.9218564477204235,0.2073014816915778,0.5996700020929997,348.643303165684,0.7138250346608288,0.20128693955088295,SZ
1632797023.000,scene-000251-3,Pedestrian,13.78340452363845,-16.16116988811865,1.2261944284884685,0.4069822973697729,-1.6133625548126895,-1.6238516262894944,287.12176152662363,-5.594317524215759,1.85158514509547,SZ
1632797023.000,scene-000251-4,Vehicle,-3.657228749884357,-30.134366276089366,0.12370750919890902,-7.259571179648788,-0.08363514000998673,1.4839357546349987,181.5053480665713,0.0002339016472063804,-0.004141614266785609,SZ
1632797023.000,scene-000251-5,Vehicle,-5.528185226886447,-16.662580838418023,0.8971800208119801,-7.0489074598362675,0.20479271434830038,-2.384240553867688,190.65305977764638,-6.864611514751616,-0.3082746923663109,SZ
1632797023.000,scene-000251-6,Bicycle,-6.329510494424729,-10.061315028520063,0.06209852082192993,-5.722108172448027,0.24763890770303176,-0.9516315070426522,181.49977406977322,-0.0003706199095319107,-3.0017032709634606,SZ
1632797023.000,scene-000251-7,Vehicle,-6.826739461525321,-37.49805736953714,1.1722537512945523e-14,1.1044697185844664e-13,5.493594455108566e-13,-3.0933290012023504e-13,186.81493974644872,-6.5608105614956e-09,-2.2708377400704194e-08,SZ
1632797023.000,scene-000251-8,Vehicle,-14.358771553820898,-25.92230676014089,0.15885983059377703,-0.011005642987369292,-1.1742535686736706,-0.043755818745164925,91.49977408617036,-0.0003706242019916317,-0.0017032372679466334,SZ
1632797023.000,scene-000251-10,Vehicle,-13.786699976047368,-31.969705312931968,-0.004000176172892391,-0.0005269306957483123,-0.01538032248130455,-0.009250017710405255,91.44292473376817,-0.00143921225151189,0.0004324109988260716,SZ
1632797023.000,scene-000251-11,Vehicle,-7.294828416442037,-43.87772030103328,-0.08295351945710175,0.000982184404352007,-0.5629745805689015,0.00035904692101775687,178.5003286394011,-0.0014388952149175793,0.00043304898181872886,SZ
1632797023.000,scene-000251-12,Vehicle,-15.289478385117588,38.9938775920139,-4.6801800059971255,1.5112929804317068,-1.0357340013340526,-0.5912022502643532,67.49977403999182,19.68360186703987,-9.001703329509127,SZ
1632797023.000,scene-000251-13,Vehicle,-26.912672316633305,28.914714635438155,1.4226125831573,-0.014625900191009178,0.07063441539471871,0.6131925340658573,271.49977406031496,-0.0003706174334960899,-0.0017032918497505989,SZ
1632797023.000,scene-000251-14,Vehicle,-25.27932278651203,22.155312591983343,-0.0033408733814607123,-0.006969421423277099,-0.09252524025937331,0.184718111798418,268.4997740606054,-0.00037061750953171213,-0.0017032912365655406,SZ
1632797023.000,scene-000251-15,Vehicle,-23.18647531405695,18.508467964953592,-0.0018854086534348168,-0.00010899678436195182,0.002654371320314956,-0.006070850421432334,269.1399181916646,-0.0014812537599340203,0.00043996245928001887,SZ
1632797023.000,scene-000251-16,Vehicle,-23.03405430238023,14.913765797097982,-0.0020685669796100814,-0.00012661210409015827,0.001089928155615135,-0.006061343001883995,270.84422687268403,-0.0014386179177907632,0.00043234108068190835,SZ
1632797023.000,scene-000251-17,Vehicle,-44.26908867926492,18.821781018019884,0.8323876860422345,-0.008640324065695298,0.3922303246076413,-0.16596534352594777,271.49977406031496,-0.0003706174334960899,-0.0017032918497505989,SZ
1632797023.000,scene-000251-18,Bicycle,5.4241820936036005,27.806540141129368,-0.03511696892452707,-0.09869331921059504,-0.37397768340190507,-0.164308216582001,19.49977404837611,3.5003220273609372,16.696809501434387,SZ
1632797023.000,scene-000251-19,Vehicle,1.6704714997243892,29.26514520450871,-4.007187688266406,-2.7954404758680456,-1.9607348382305485,-3.6096631395906478,111.91619781497482,11.402215131553533,0.7090073080106549,SZ
1632797023.000,scene-000251-20,Bicycle,10.111883447409786,27.977358695839037,0.09028034294612247,0.11692368141983707,0.1293822443464001,0.5603772706055046,355.84508261023177,-0.67861480942301,0.239446971250743,SZ
1632797023.000,scene-000251-21,Vehicle,0.5801015824580943,-56.06148518579514,0.726915240308863,11.537083033804077,-1.776477523195131,4.852653329592215,1.499774050773084,5.459836936436915,-3.1310137470477173,SZ
1632797023.000,scene-000251-22,Vehicle,-56.598614475926674,11.908614616744604,10.127706117454732,-0.046854714236457866,-0.021067860781570857,0.2569641336495323,274.58471531246454,-5.504067606445872,-0.0001963992227018707,SZ
1632797023.000,scene-000251-24,Vehicle,37.49848504885919,31.266343686004863,-3.1027635070066246,-0.24126581703292532,-1.4262928882631982,-1.621742918189067,88.49939024912771,2.306564801612808,1.3848485499401022,SZ
1632797023.000,scene-000251-25,Bicycle,15.078529540383233,-6.730846487807089,-3.4092689011647725e-14,2.0297429202255557e-14,9.369186065742418e-14,-3.0471142586650106e-13,222.1168226398158,3.138936222057964e-09,-3.811251758634171e-09,SZ
1632797023.000,scene-000251-26,Bicycle,15.68628298904205,-6.074699715888024,-4.0296275511753946e-14,1.8305194699880377e-14,1.0255053112471087e-13,-3.0396944371173477e-13,227.3224304694642,2.240483354398748e-09,1.3564616097028193e-09,SZ
1632797023.000,scene-000251-27,Bicycle,17.09503393777057,-4.806959479940231,-3.228826348892196e-14,1.2636831450560233e-14,1.144959904454391e-13,-3.153981904590771e-13,226.822088026809,2.332249948722165e-09,8.448566291008319e-10,SZ
1632797023.000,scene-000251-28,Bicycle,14.35006836599032,-7.374521371907362,-2.815461639046899e-14,2.1115855930599063e-14,1.028967109974779e-13,-2.965778751259916e-13,211.864487248317,4.452097357443563e-09,-1.2421601525147707e-08,SZ
1632797023.000,scene-000251-29,Bicycle,16.20230425347629,-5.599211561664775,-2.9178383258692074e-14,1.5723461627100385e-14,1.9257115731645416e-13,-2.8795815503757815e-13,244.92795312982605,-1.399204307972468e-09,1.950357031432759e-08,SZ
1632797023.000,scene-000251-30,Bicycle,17.003547884844377,-3.0730665365933922,-4.165112455426766e-14,1.2000248794099428e-14,7.27066505983148e-15,-2.6686624394558096e-13,275.39352645157317,-6.240099104104502e-09,3.5051513691541913e-08,SZ
1632797023.000,scene-000251-31,Bicycle,20.790660717670942,-1.3435582884864896,-4.098308041650292e-14,5.653626807013026e-15,7.757512538040306e-14,-3.295375805714568e-13,212.24201602450728,-4.448270139789656e-06,-1.2583584137360049e-05,SZ
1632797023.000,scene-000251-32,Pedestrian,22.595499685156142,1.8617353914547798,1.4856679499437502,0.4376835136443092,0.052946823108035446,0.11133962382346119,297.79573583398604,-3.881705667372813,0.03032584701273322,SZ
1632797023.000,scene-000251-33,Bicycle,19.536726906551014,-2.5971243478205266,-3.912369127361811e-14,1.0672418639131673e-14,1.4247217087210958e-13,-3.1242211646429803e-13,224.08735674077067,-4.4383633479583295e-06,-1.9846839208526035e-05,SZ
1632797023.000,scene-000251-34,Bicycle,17.57687472381208,-4.4461209731201805,-4.494824091282425e-14,1.3015402666868981e-14,1.4007970129882596e-13,-3.177118876135917e-13,219.08841732389527,3.5962415267931647e-09,-6.612964398300392e-09,SZ
1632797023.000,scene-000251-35,Bicycle,17.784864844745396,-4.038888584086662,-3.235444560354085e-14,1.3157108668408221e-14,1.2844460629354673e-13,-3.1200952868717336e-13,228.642051004222,1.9934773831664643e-09,2.716816993597604e-09,SZ
1632797023.000,scene-000251-36,Bicycle,19.1035499292001,-3.045009666337779,-2.944420415199233e-14,1.2136633982725072e-14,8.469768387402976e-14,-3.061641676661565e-13,203.25882847752104,4.9669921509121195e-09,-1.7210851410709438e-08,SZ
1632797023.000,scene-000251-37,Bicycle,18.459098657718815,-3.851111714804715,-4.0121320749325197e-14,1.428521439909667e-14,9.131833664805974e-14,-2.9833968647178344e-13,234.70895833321762,7.824496606190223e-10,9.089184516142268e-09,SZ
1632797023.000,scene-000251-38,Bicycle,21.73152474135786,0.1581687967802896,-4.91445362208786e-14,2.8831637975228436e-15,2.154685846263184e-13,-3.3206561169682515e-13,245.31953186106188,-1.4829879546596203e-09,1.9877077761520923e-08,SZ
1632797023.000,scene-000251-39,Bicycle,22.850889829115946,1.1863338169429716,-0.0031013448987247546,-0.0012668018665554827,-0.0010980153705258313,-0.0004558132769539652,244.35220791885044,0.6400000357177866,-1.7610300062642636e-07,SZ
1632797023.000,scene-000251-41,Bicycle,21.195824080278506,-0.6800764222380588,-5.742384200626815e-14,4.833707090460884e-15,1.5960286743712087e-14,-3.290511777847068e-13,226.69842496389455,2.3547315208816144e-09,7.189129291873542e-10,SZ
1632797023.000,scene-000251-42,Bicycle,24.659237540560305,1.4333575739457767,-5.361369821628732e-14,4.7547396222049355e-17,1.0952551614421646e-13,-3.7535778710822644e-13,318.22429947628166,-4.768972416968609e-08,1.7768280713426066e-07,SZ
1632797023.000,scene-000251-45,Vehicle,13.755642480764342,-26.422677712488294,-3.2466915964351514e-14,7.524752210951621e-14,3.588273199000492e-13,-4.143506538292075e-13,88.00068392925667,9.963514457922429e-10,5.354010568225931e-08,SZ
1632797023.000,scene-000251-46,Vehicle,-19.411267058221114,-26.173571421746054,4.255069099046777e-14,6.022947165272328e-14,4.009482987679541e-13,4.48539674638358e-14,92.80373821403543,-1.2743498700729106e-08,8.91722038431908e-08,SZ
1632797023.000,scene-000251-47,Vehicle,-26.6817671968852,-25.996903237622845,6.214974404749668e-14,6.474570583371705e-14,3.196062756664243e-13,1.5677609705211564e-13,88.50068392898223,8.133156370604411e-10,5.4461281706608133e-08,SZ
1632797023.000,scene-000251-48,Vehicle,18.84516773550395,38.14956191910358,-4.170579404431599e-14,-9.25876019984274e-14,-4.4261319787656946e-13,-2.933935611164171e-14,91.49772111641897,-9.471051498621819e-09,-1.0584085430309642e-07,SZ
1632797023.000,scene-000251-49,Vehicle,54.78883628215986,37.62669433928854,-7.5743515079366,0.043077872968497,-1.1717180013721737,-0.011419695835518301,89.40037222033578,0.19948544095908005,-1.1016819769069457,SZ
1632797023.000,scene-000251-50,Vehicle,77.1913967612645,41.13998524628646,-6.078678468886099,0.08260645521146939,0.7282838577825466,0.444651821602975,91.49977402026491,-0.0003706242019916317,-0.0017031054570395554,SZ
1632797023.000,scene-000251-52,Vehicle,-8.878055437293346,61.54945582317319,4.0794797422548424e-14,-1.551837073827554e-13,-9.10999714184201e-13,7.362334810853599e-13,328.3587789866609,-8.710702559255878e-08,1.3719474623030692e-07,SZ
1632797023.000,scene-000251-53,Vehicle,-12.4845284565851,56.828779792246394,4.0648823802168086e-14,-1.4803035633558735e-13,-9.646932745922531e-13,4.1850930349107125e-13,136.49897278518011,7.827338777133264e-08,-3.1815278589419904e-07,SZ
1632797023.000,scene-000251-54,Vehicle,-12.863489158067589,-43.55766934374601,-3.732551286736037e-05,-0.00130783421439264,-1.5119803423600722e-06,-6.187868831370857e-05,178.49981138047383,1.1541700928319187e-08,-4.06308657829868e-08,SZ
1632797023.000,scene-000251-55,Vehicle,-12.849350148194322,-36.870791438573306,0.002215420018644031,0.00026791793052643016,0.01534882156595447,0.0018561827888016978,178.49981138577147,-3.883229737766669e-09,-1.2248904113221215e-08,SZ
1632797023.000,scene-000251-56,Barrier,6.1033324384052055,28.04282810932383,-0.005083691869015805,0.0010479119276142661,0.011297740172502194,0.003092175053302011,195.30667399572783,-4.340333248364914e-08,-1.0326736799015634e-07,SZ
1632797023.500,ego,AV,-0.001442325570156547,-0.0009221056400174313,5.294695464701949e-05,-0.0006680030844013902,0.01864562607255573,0.00472484460386529,0.00011499284941226664,-0.0015983205916752935,0.0011624302923394225,SZ
1632797023.500,scene-000251-1,Pedestrian,-11.071015180587235,-28.662904226165768,-0.38274464473956216,1.3351359432754137,0.5775546423438533,0.8373362775598059,13.787001088033179,-0.7253443886166622,-7.193309380320642,SZ
1632797023.500,scene-000251-2,Pedestrian,10.90943555587111,24.978648859478465,0.14596566293462848,0.94481740973557,-0.4075587101536957,-0.5078261540324163,349.86922519886326,-2.4479608219753004,4.917856571824672,SZ
1632797023.500,scene-000251-3,Pedestrian,14.318214834039576,-16.048167851975506,1.1598136441329883,0.27001052869168823,1.3478394173907668,1.0759645515771563,282.71702951250234,-11.244022400096508,-9.272070092950692,SZ
1632797023.500,scene-000251-4,Vehicle,-3.5978602535362567,-33.66568892507732,0.12970474469328153,-7.03977747328889,0.1076240819874767,-0.6047609291954004,181.5047219564055,0.0015373398987463816,-0.0011916755149314895,SZ
1632797023.500,scene-000251-5,Vehicle,-5.062021351517739,-20.375789084159653,0.9514250320012131,-7.58537441631032,0.01218733040863329,0.2383727279714698,187.50011499352962,-3.1548840235940787,6.865403327200653,SZ
1632797023.500,scene-000251-6,Bicycle,-6.282359774920565,-12.988475210736361,0.09679754845536652,-5.880836871641071,-0.1088427971692853,0.31671671027047665,181.50011499358743,-0.0015983145154478962,3.0011624323138193,SZ
1632797023.500,scene-000251-7,Vehicle,-6.826739461525283,-37.49805736953712,6.836509587902712e-14,-1.566302625001648e-14,-3.2278921204653007e-13,-1.9510709231361738e-13,186.81493970660273,-2.0635752662201412e-08,1.0644427561601333e-08,SZ
1632797023.500,scene-000251-8,Vehicle,-14.361994120282608,-25.929605778315015,-0.0434916677893993,-0.010843868383709756,0.36484757514096555,0.04440291715980305,91.50011499488687,-0.0015983038170475083,0.0011624359091797487,SZ
1632797023.500,scene-000251-10,Vehicle,-13.788508973184664,-31.970848672609083,0.0009914501423356648,-0.0034937922435953066,0.03534682774221677,-0.0026174284809827204,91.44146145756508,-0.00013707282727182246,-0.0011937444577370115,SZ
1632797023.500,scene-000251-11,Vehicle,-7.296931892554959,-43.87903142173709,0.2940298273788999,-0.009920854761823172,2.070907967912908,-0.04397120358571847,178.49886564370036,-0.00013667348250123723,-0.0011937847616962927,SZ
1632797023.500,scene-000251-12,Vehicle,-17.800335516478235,39.673811667834684,-5.445849275836114,1.2048190566273662,-2.0269430780219153,-0.6346934449530108,75.18408747122194,20.998401657392975,-12.366782533456444,SZ
1632797023.500,scene-000251-13,Vehicle,-26.116498402911017,28.92525234099473,1.9141597121704517,-0.06082009979498954,1.895554100657895,-0.7979693324817786,271.5001149928379,-0.0015983206864300659,0.0011624302606207948,SZ
1632797023.500,scene-000251-14,Vehicle,-25.286243178695596,22.165165608799036,-0.011709296273634538,0.026877415791110065,0.059051548690678024,-0.04933076294086934,268.5001149928609,-0.0015983204969103326,0.00116243032408625,SZ
1632797023.500,scene-000251-15,Vehicle,-23.18697827024146,18.50756550654816,8.948736971880079e-05,-0.0036790442585034485,0.005245212772299513,-0.008209339475133652,269.13844049363206,-0.000148186948251805,-0.001108036603994833,SZ
1632797023.500,scene-000251-16,Vehicle,-23.034653311152287,14.912859753085687,0.00027059928797912677,-0.003667704115117311,0.008266736914741698,-0.008103025042224614,270.842763870752,-0.0001367528710513044,-0.0011945596377043177,SZ
1632797023.500,scene-000251-17,Vehicle,-43.80197745220726,18.819670849496227,1.039834409109564,0.0461109728709337,0.43755656766168016,0.3849705312724637,271.5001149928379,-0.0015983206864300659,0.0011624302606207948,SZ
1632797023.500,scene-000251-18,Bicycle,5.399694109070206,27.742062223593237,0.01680045149916599,-0.14840381265009414,0.5816473650966774,-0.03453375717599516,25.256377792117448,10.696914492144089,-2.2155413115708313,SZ
1632797023.500,scene-000251-19,Vehicle,-0.15098307730729935,27.793058746733134,-2.424168376099683,-2.339222010019696,8.292812086897438,5.434537002984035,113.26666363530805,13.774004603584444,8.060372922868908,SZ
1632797023.500,scene-000251-20,Bicycle,10.165755801625322,28.04466046422982,0.11032787831436662,0.02986892985365605,-0.049192102873423516,-0.9085962768702286,355.5001149921404,0.8731836771559642,5.72710603207895,SZ
1632797023.500,scene-000251-21,Vehicle,0.7848178579303484,-49.965340204748834,0.2185865530145815,12.28954048627164,-0.25683722598199477,-1.842823519721989,1.5001149920816772,-3.0015983262937027,-8.459045123182975,SZ
1632797023.500,scene-000251-22,Vehicle,-51.612967183639306,11.924192959951537,9.663738484010134,0.12293845430212912,-1.834802672996851,0.42220854050481577,271.831935965082,-5.5027729173493105,-0.0010778468319703194,SZ
1632797023.500,scene-000251-24,Vehicle,35.91598506679853,31.10207408843369,-2.932899656284915,-0.09765022181392585,2.105748291150041,2.1962052990650647,91.4991575956177,-0.0015579699445140704,-8.304534824281973,SZ
1632797023.500,scene-000251-25,Bicycle,15.078529540383222,-6.730846487807098,-1.9186433359469608e-14,-2.303677763809411e-14,-3.406683804871168e-14,1.3137459850510243e-13,222.1168226363596,3.0358691560650186e-08,-5.052200435784471e-09,SZ
1632797023.500,scene-000251-26,Bicycle,15.686282989042038,-6.074699715888035,-1.9652069012480348e-14,-2.4566874690236077e-14,-1.997370512761655e-14,1.3248116615126897e-13,227.32243046936554,3.284445426743332e-08,-3.975145546064596e-09,SZ
1632797023.500,scene-000251-27,Bicycle,17.09503393777056,-4.806959479940244,-2.7996316851924883e-14,-2.6360173059362463e-14,-9.732820389745085e-14,1.5941017241938632e-13,226.82208802639184,3.264710102257595e-08,-4.0863596950657666e-09,SZ
1632797023.500,scene-000251-28,Bicycle,14.35006836599031,-7.374521371907371,-2.270565015043901e-14,-2.1377948261707745e-14,-8.110084603735804e-14,1.2660265835676435e-13,211.86448723822684,2.297063161904589e-08,-6.550678222083661e-09,SZ
1632797023.500,scene-000251-29,Bicycle,16.20230425347628,-5.599211561664785,-3.24185869573354e-14,-2.3406230713215246e-14,-2.0553197211102752e-13,1.3143938567631564e-13,244.92795313960067,3.365221346030012e-08,6.022844445396913e-10,SZ
1632797023.500,scene-000251-30,Bicycle,17.00354788484436,-3.0730665365934033,-2.509682752043757e-14,-2.3897318079313014e-14,5.894652307548888e-14,1.2327597645193122e-13,275.39352646706163,9.315555438149659e-09,7.424089787377852e-09,SZ
1632797023.500,scene-000251-31,Bicycle,20.790660717670924,-1.3435582884865065,-4.400903087610996e-14,-3.0175198316976136e-14,-8.967892721883125e-14,1.8622228007550015e-13,212.24200506338036,-1.538054414140788e-05,7.865885578439702e-06,SZ
1632797023.500,scene-000251-32,Pedestrian,23.333886353909804,2.114016503088982,1.4457474068574656,0.6104847365607288,-0.21262899545317193,0.5798652678422163,295.8548830112144,-3.8513798547255753,0.060651658201081204,SZ
1632797023.500,scene-000251-33,Bicycle,19.536726906551,-2.597124347820541,-4.26357884620032e-14,-2.850443645340086e-14,-1.5652055962565006e-13,1.5571469609416794e-13,224.08734314995485,-2.0760776543227166e-05,8.58454669838693e-06,SZ
1632797023.500,scene-000251-34,Bicycle,17.576874723812065,-4.446120973120194,-3.038857179027001e-14,-2.65388912033513e-14,-8.184102480860891e-14,1.594947121327106e-13,219.0884173184623,2.8494717696503358e-08,-5.5878572879919375e-09,SZ
1632797023.500,scene-000251-35,Bicycle,17.784864844745385,-4.038888584086675,-3.135110658471399e-14,-2.8247892938034377e-14,-1.2443125021823934e-13,1.4638952226140298e-13,228.64205100495724,3.332086606633311e-08,-3.6745291254192125e-09,SZ
1632797023.500,scene-000251-36,Bicycle,19.103549929200085,-3.0450096663377924,-4.7551140955734805e-14,-2.76682838219223e-14,-1.5712543108899962e-13,1.46944496447567e-13,203.25882846226773,1.4862067132526136e-08,-7.041705885058036e-09,SZ
1632797023.500,scene-000251-37,Bicycle,18.459098657718798,-3.851111714804727,-4.9168353027379576e-14,-2.592795917595762e-14,-1.2750646576027733e-13,1.3748699217156636e-13,234.70895833763657,3.466305287247451e-08,-2.1780692804895807e-09,SZ
1632797023.500,scene-000251-38,Bicycle,21.731524741357845,0.1581687967802715,-4.084320200603442e-14,-3.1496269932873485e-14,-1.8226324776694178e-13,1.9454787677523986e-13,245.31953187101425,3.353144961693033e-08,7.111964350769995e-10,SZ
1632797023.500,scene-000251-39,Bicycle,22.849259914232864,1.1856675205199303,-0.0033022956584140696,-0.0013502214858982192,0.00029421233176856777,0.00012213479958301555,244.6722078551962,0.6399999167867492,4.833842126572563e-08,SZ
1632797023.500,scene-000251-41,Bicycle,21.19582408027848,-0.680076422238076,-3.835636218301276e-14,-3.065536102488463e-14,6.030963254930946e-14,1.8709490532332473e-13,226.6984249633985,3.259695802171336e-08,-4.113516638426518e-09,SZ
1632797023.500,scene-000251-42,Bicycle,24.659237540560284,1.4333575739457551,-4.8051675040297504e-14,-3.5485608081755705e-14,-8.727742344025714e-14,2.332251651963155e-13,318.2242994771439,3.8784634170951904e-08,5.3240619024563784e-08,SZ
1632797023.500,scene-000251-45,Vehicle,13.755642480764347,-26.42267771248829,7.201425062895234e-15,-2.5591098688927544e-14,-2.0015395579106223e-13,1.0996170635432456e-14,88.00068399520194,5.4961475370873814e-08,-6.444906830438413e-09,SZ
1632797023.500,scene-000251-46,Vehicle,-19.41126705822107,-26.17357142174603,7.0456928200712e-14,1.7541539338215528e-14,-2.893233499269772e-13,-2.1560569672186684e-13,92.80373820613647,2.897775175370043e-08,1.267278548766626e-08,SZ
1632797023.500,scene-000251-47,Vehicle,-26.68176719688515,-25.996903237622814,9.422689200764263e-14,2.316110272476404e-14,-1.912976838258405e-13,-3.231145094879276e-13,88.50068399518628,5.492512400451233e-08,-6.2563572100771125e-09,SZ
1632797023.500,scene-000251-48,Vehicle,18.845167735503903,38.14956191910355,-8.304677938866472e-14,-2.0652777703264825e-14,2.772492564991747e-13,3.1707865329229206e-13,91.4977210416364,-1.1024059176634182e-07,2.7479444497657823e-08,SZ
1632797023.500,scene-000251-49,Vehicle,51.08622231377701,37.649057424475345,-6.774051294080892,0.05087768914270803,4.372918856795014,0.04261896053236247,89.5001149907892,-0.9021965229509874,-1.1986936270019157,SZ
1632797023.500,scene-000251-50,Vehicle,74.09243287626127,41.1836192877636,-6.618497336692815,-0.014571616960837832,-2.8875593290094095,-0.8333641102922037,91.50011499488687,-0.0015982379115939693,-0.9988375640804747,SZ
1632797023.500,scene-000251-52,Vehicle,-8.87805543729339,61.54945582317317,-1.2029319220908415e-13,-1.588647942647188e-15,2.666477556576706e-13,-1.2185324332492702e-13,328.3587789468833,-6.340786118386177e-08,7.933807033566609e-08,SZ
1632797023.500,scene-000251-53,Vehicle,-12.484528456585137,56.828779792246365,-6.394529072070444e-14,2.090313021598285e-14,5.463168165007631e-13,2.5722464271520997e-13,136.49897275872559,-1.6991538132060668e-07,-3.2434743957310275e-07,SZ
1632797023.500,scene-000251-54,Vehicle,-12.863507711705749,-43.55831879512654,-3.629280814003161e-05,-0.0012655701823293993,5.642799251675163e-06,0.00023093481656667313,178.49981136915744,-2.5112285584327765e-09,-2.2264188714871125e-08,SZ
1632797023.500,scene-000251-55,Vehicle,-12.84935014819428,-36.870791438573264,-0.008268045428520884,-0.0009998815579974894,-0.05728268335461412,-0.006927380742897377,178.4998113516806,-1.8778678168018814e-08,5.8579701089911396e-09,SZ
1632797023.500,scene-000251-56,Barrier,6.101259742446088,28.043480465425702,-0.005093227059796399,0.0010452689926891447,-0.011335880935624574,-0.0031027467930025004,195.30667390533168,-9.32167125711203e-08,6.310879996362928e-08,SZ
1632797024.000,ego,AV,-0.00043875714086309583,-0.00082833208818753,0.0012541101483277356,0.0007174363288158658,-0.013840973297832862,0.0008169130490037349,359.9981757398685,0.0007918128208359576,0.003816616543957707,SZ
1632797024.000,scene-000251-1,Pedestrian,-11.204107063513773,-27.982778363745947,-0.17745066866606407,1.201149218578148,0.243621261950139,-1.3732831763488704,9.97592237352329,-3.9993412877284698,2.264770905995647,SZ
1632797024.000,scene-000251-2,Pedestrian,10.970432073175393,25.380466835764715,0.17593745549487172,0.6482295767544609,0.5274458803946684,-0.6785251778920203,346.1953423437087,5.6316816064855,23.75301251306084,SZ
1632797024.000,scene-000251-3,Pedestrian,14.988524134939253,-15.889208050859937,1.3652686627843895,0.14474661141575285,-0.5260193427851654,-1.5770202206808974,275.8777391265271,-14.86638761716645,-1.2069351261523575,SZ
1632797024.000,scene-000251-4,Vehicle,-3.551370534892031,-37.17919668819115,-0.007377198018078112,-6.850301399806343,-0.6559518528329153,1.3626652231255818,181.50688540647002,-0.0009577738677251091,-0.003635615257593372,SZ
1632797024.000,scene-000251-5,Vehicle,-4.5758573167445205,-24.079520382081547,1.011087312034727,-7.1112321369035945,0.2264617897254224,1.6581963896554406,187.49817575405228,0.0007918124490373657,3.157102306205317,SZ
1632797024.000,scene-000251-6,Bicycle,-6.225445721101447,-15.969517504888312,0.17509992529629603,-6.203759199197185,0.42205230453300446,-1.6084060204949466,181.49817575525776,3.0007918124042874,3.003816595956735,SZ
1632797024.000,scene-000251-7,Vehicle,-6.826739461525279,-37.49805736953714,-3.4716606673618716e-14,-4.779486685838073e-14,-8.953759816405334e-14,6.657972988016033e-14,186.81493972581296,4.0836170001057326e-09,1.4391758895726525e-09,SZ
1632797024.000,scene-000251-8,Vehicle,-14.359900455748688,-25.92955457588814,0.00833342899707597,0.010894222038715132,-0.15754718799506445,0.042549444529896514,91.49817578235331,0.000791811707188117,0.003816559808853981,SZ
1632797024.000,scene-000251-10,Vehicle,-13.786780886263044,-31.97194208955088,-0.0004510856905050697,0.001081439956661696,-0.041116971073579714,0.020918357282010733,91.4427876609409,-0.0026329567092489015,-0.003635452446076215,SZ
1632797024.000,scene-000251-11,Vehicle,-7.0930463546905775,-43.88527105113853,0.11752658045026,-0.006603265988575797,-2.7769209556274674,0.05724155867870796,178.5001919659186,-0.002632679976613872,-0.003635677800133408,SZ
1632797024.000,scene-000251-12,Vehicle,-20.677328158139314,40.20551743252169,-5.8635215287887705,0.9392698361055446,0.35625406621129585,-0.4275034371342765,88.4981756973848,7.316819333583425,-32.99293944255183,SZ
1632797024.000,scene-000251-13,Vehicle,-25.006840719059227,28.853662543177,2.3557381536053614,-0.10840625419597495,-0.12924033491825604,0.6076247148778369,271.49817573962855,0.0007918128271355851,0.002913242586075171,SZ
1632797024.000,scene-000251-14,Vehicle,-25.287861867439428,22.170494681967533,-0.0010564270883942795,-0.00944770183602239,-0.016440071949716983,-0.0959697075676605,268.4981757401085,0.0007918128145545378,0.0038166162234603007,SZ
1632797024.000,scene-000251-15,Vehicle,-23.186404568042114,18.506249532446684,0.0019519352635684766,0.0015145787769296963,0.0022045788030991952,0.028983831616866233,269.13977000471635,-0.0025892903639288534,-0.003591211439712083,SZ
1632797024.000,scene-000251-16,Vehicle,-23.03399875471675,14.911550737784205,0.0013194558085658078,0.0015070726818995918,-0.0040713108323949705,0.028802132230292224,270.84409011981296,-0.002633177555495081,-0.0036358688006146167,SZ
1632797024.000,scene-000251-17,Vehicle,-43.24267328308914,18.85125517689872,1.1667670545741797,0.0010413858549863666,0.07017401419678126,-0.5652488793362531,271.49817573962855,0.0007918128271355851,0.0038166168644409026,SZ
1632797024.000,scene-000251-18,Bicycle,5.424576587546023,27.695395973701327,-0.029717873417604405,0.02544356524272751,-0.7677206647637589,0.7299232687472819,30.196688540520213,1.2847807157901059,-14.380300069421992,SZ
1632797024.000,scene-000251-19,Vehicle,-0.802608208302228,26.94278709027012,-1.134617055494566,-1.781820169484706,-3.13460680447697,-3.204929640844078,125.69020241855927,19.46258805442244,0.036187015180132676,SZ
1632797024.000,scene-000251-20,Bicycle,10.189370669812712,28.02184367480123,-0.06666852178603334,0.030510472938690393,-0.6587934975281762,0.911162449210366,356.7182662873878,5.04849122265594,-0.5544009914912351,SZ
1632797024.000,scene-000251-21,Vehicle,0.896996577168921,-43.97674712629761,0.30010851589777127,11.81318337809456,0.5829250775147539,-0.06260491298633042,358.4981757244794,-2.99920818674606,0.0038166367567669113,SZ
1632797024.000,scene-000251-22,Vehicle,-46.596168675502206,11.956575961037922,11.232014749051546,-0.1571310372121493,8.10790773316247,-1.54248650656193,269.0819423951152,-5.5051454532778425,0.06266173935829045,SZ
1632797024.000,scene-000251-24,Vehicle,34.53873932754007,31.195994901647502,-2.9241121957684144,0.20977399814446596,-2.0705984490840397,-0.9665084192314974,88.4978322791832,-5.997970022669165,0.003798946644167245,SZ
1632797024.000,scene-000251-25,Bicycle,15.078529540383213,-6.730846487807099,-6.4011289508903764e-15,7.900835131711865e-15,8.520805568302863e-14,-7.624147425878514e-15,222.1168226701745,-1.913271319153864e-09,-6.390270357314876e-08,SZ
1632797024.000,scene-000251-26,Bicycle,15.686282989042029,-6.074699715888036,-8.993140875142678e-15,1.0684387324454157e-14,6.260941767696723e-14,8.52388190749196e-15,227.32243050230863,-1.7346621916658478e-09,-6.558215659424604e-08,SZ
1632797024.000,scene-000251-27,Bicycle,17.095033937770545,-4.806959479940244,-4.940443612999539e-15,1.2867803013878347e-14,1.8955169685315224e-13,-2.4982681264230804e-15,226.82208805945612,-1.7541097463436017e-09,-6.54994281035215e-08,SZ
1632797024.000,scene-000251-28,Bicycle,14.350068365990298,-7.374521371907372,-8.920475444592989e-15,5.776161416023653e-15,1.362415448607421e-13,-1.798621964583873e-14,211.86448727128763,-2.098587970067456e-09,-5.5650218655500794e-08,SZ
1632797024.000,scene-000251-29,Bicycle,16.20230425347626,-5.599211561664786,-1.1677525494390351e-14,8.623544489150824e-15,2.884962179628077e-13,-3.3202848668513653e-15,244.92795316347826,-7.96916310719098e-10,-5.7563767086321604e-08,SZ
1632797024.000,scene-000251-30,Bicycle,17.00354788484435,-3.0730665365934042,-7.175539873603093e-15,1.1646571527442472e-14,1.2738627511849021e-14,1.8899581975090764e-14,275.3935264608887,1.1839906832733504e-09,-3.4813680827028293e-09,SZ
1632797024.000,scene-000251-31,Bicycle,20.790660717670907,-1.3435582884865056,3.856383192912705e-15,1.9123897133277984e-14,2.811405834949219e-13,1.0974101725516324e-14,212.24200064396314,3.4176154386500457e-06,1.9496992507583855e-05,SZ
1632797024.000,scene-000251-32,Pedestrian,24.0691945877125,2.4068235990198126,1.573511837964528,0.3909067855029722,0.7236867198814236,-1.458177072073242,293.9443559792605,-3.821054009171732,0.030325869087757695,SZ
1632797024.000,scene-000251-33,Bicycle,19.536726906550978,-2.5971243478205412,-3.4959756063991194e-15,1.541566362415936e-14,3.1307981104806635e-13,1.9965704216072996e-14,224.08733597999412,4.1461833504286005e-06,2.7556964163011344e-05,SZ
1632797024.000,scene-000251-34,Bicycle,17.57687472381205,-4.446120973120194,-4.027728508519778e-15,1.3204104373524944e-14,1.8728439793560985e-13,-5.227298252056345e-16,219.08841735239,-1.991615761198773e-09,-6.211603675865263e-08,SZ
1632797024.000,scene-000251-35,Bicycle,17.784864844745368,-4.038888584086676,-1.2771384640027211e-14,1.4569334792517255e-14,1.9875013799698642e-13,2.487938866080355e-14,228.64205103754287,-1.6810588476801058e-09,-6.571833210955447e-08,SZ
1632797024.000,scene-000251-36,Bicycle,19.10354992920006,-3.0450096663377932,-1.4830334825901517e-14,1.3271373013752099e-14,2.8800865560833275e-13,1.6814130895130605e-14,203.2588284923831,-2.0747137341459165e-09,-4.45291732376063e-08,SZ
1632797024.000,scene-000251-37,Bicycle,18.459098657718776,-3.851111714804728,2.315630058010455e-15,1.2155099790822895e-14,3.334423981018375e-13,1.48452436955557e-14,234.70895836788068,-1.3956196198705584e-09,-6.480094327798724e-08,SZ
1632797024.000,scene-000251-38,Bicycle,21.731524741357823,0.15816879678027262,-6.45476483013755e-16,2.1183442273381722e-14,3.430541498590244e-13,1.6170972049781046e-14,245.31953189459333,-7.717844141552632e-10,-5.7149733834194194e-08,SZ
1632797024.000,scene-000251-39,Bicycle,22.84762999934978,1.185001224096911,-0.0032484510646090393,-0.001327869266215097,-7.88339565484502e-05,-3.272592085052338e-05,244.9922078356372,0.6400000840562114,1.8613502561493078e-07,SZ
1632797024.000,scene-000251-41,Bicycle,21.19582408027847,-0.6800764222380751,-2.3135299897108576e-15,1.9866066237138833e-14,8.386169622389817e-14,1.4990803724769145e-14,226.6984249964915,-1.7587851175449032e-09,-6.547642783516494e-08,SZ
1632797024.000,scene-000251-42,Bicycle,24.659237540560262,1.4333575739457574,-9.97498649615874e-15,2.5987601159934415e-14,2.3958417761681223e-13,1.2667671770444948e-14,318.22429951506626,5.550894854877697e-09,-7.69944534795286e-08,SZ
1632797024.000,scene-000251-45,Vehicle,13.755642480764337,-26.4226777124883,-2.8313207396433927e-14,-1.5515691499412042e-14,5.809542595374555e-14,2.930545812262958e-14,88.00068398421814,-5.44855538464617e-09,-4.40463452378026e-08,SZ
1632797024.000,scene-000251-46,Vehicle,-19.411267058221064,-26.17357142174604,-2.595045477407367e-14,-4.513050071437337e-14,-9.630618197216549e-14,-3.508246348848878e-14,92.80373824301319,-7.071321306284517e-11,-6.569391075572639e-08,SZ
1632797024.000,scene-000251-47,Vehicle,-26.681767196885133,-25.996903237622828,-3.404795269481011e-14,-5.080870636875819e-14,-3.218016949839706e-13,2.723527311383864e-14,88.50068398390735,-5.4430415730166715e-09,-4.371668183011934e-08,SZ
1632797024.000,scene-000251-48,Vehicle,18.845167735503892,38.14956191910356,3.2832398434126736e-14,4.7301020374668664e-14,1.8626745479199104e-13,-4.526346098055818e-14,91.49772100617838,1.8008392999036005e-08,1.4409073401111527e-07,SZ
1632797024.000,scene-000251-49,Vehicle,48.01665333968532,37.67401409206176,-5.962540970587096,0.037329887099988746,-1.1268775628198426,-0.09681016870323955,88.4981756973848,-0.9992081860428357,3.4044148639252967,SZ
1632797024.000,scene-000251-50,Vehicle,70.67567092280599,41.119961698796374,-6.54168721509369,-0.1444612723086198,3.194799815405922,0.31380548890107596,91.49817578235331,-0.9992081882824664,0.003816489155013869,SZ
1632797024.000,scene-000251-53,Vehicle,-12.484528456585126,56.828779792246394,5.526022353462714e-14,6.441783547165584e-14,-6.949475947943666e-14,-8.31658216925181e-14,136.49897261526473,-2.4607405357812695e-07,-1.399037411634448e-07,SZ
1632797024.000,scene-000251-54,Vehicle,-12.863526265343948,-43.55896824650713,-4.014691272767704e-05,-0.0014233016230170365,-2.1059217602256773e-05,-0.0008618605793172217,178.4998113779626,-1.0722487786551937e-08,-2.3554306949336024e-08,SZ
1632797024.000,scene-000251-55,Vehicle,-12.849350148194272,-36.870791438573285,0.03085676169573793,0.003731608301591425,0.21378191185164938,0.025853340181253043,178.4998113669928,1.9747403712244704e-09,3.6829561622653273e-09,SZ
1632797024.000,scene-000251-56,Barrier,6.099187046486999,28.04413282152762,0.0005842485989616822,0.002599285324371311,0.0340457835706569,0.009318812119731172,195.30667390251114,1.9705467479980143e-08,9.101816544898611e-08,SZ
1632797024.500,ego,AV,-0.00031415848310452224,-0.0005320930802305017,0.0016996149743541858,0.0001383331278595043,0.015622992601938663,-0.0031333258528291807,0.0009068056702574693,0.002218295952288797,-0.0018872674552995337,SZ
1632797024.500,scene-000251-1,Pedestrian,-11.281428283098778,-27.466652817607276,-0.16993129566544082,1.037775633762947,-0.2135437699476458,0.7197888370880641,9.78765980030471,1.5394265173789847,3.8093289326241973,SZ
1632797024.500,scene-000251-2,Pedestrian,11.086158572242837,25.69788369804328,0.21062261331625232,0.7776733146354822,-0.38870524910914583,1.1963001294161053,355.5009068053488,21.305051691085538,-5.632777061070556,SZ
1632797024.500,scene-000251-3,Pedestrian,15.628860005319266,-15.913240485258676,1.2429827324075946,-0.03943277405371686,0.03687562127798453,0.8403026788030187,267.85064189533585,-12.450957526248866,6.880469052585184,SZ
1632797024.500,scene-000251-4,Vehicle,-3.565341316293196,-40.53892903723432,0.09491767083739418,-6.798457600427732,1.0651313282548045,-1.1552900256111194,181.50376418253774,-0.0020982753588469905,-0.0029950573509438527,SZ
1632797024.500,scene-000251-5,Vehicle,-4.071065985175649,-27.582586496962804,0.9499579179124163,-7.210481512894213,-0.47097936621466596,-2.0551938936179077,187.50090680597867,0.0022182826112384646,-3.001887267119855,SZ
1632797024.500,scene-000251-6,Bicycle,-6.090905108420549,-19.169893346188505,0.3515307493595416,-6.392635144283053,0.28367099171997734,0.8529022401514723,184.5009068059917,3.002218281441287,-0.0018872670991640916,SZ
1632797024.500,scene-000251-7,Vehicle,-6.826739461525301,-37.49805736953714,-4.1409150066768025e-14,7.894480124672138e-14,6.276742459145605e-14,4.40378942540248e-13,186.81493971068636,-1.919657677262876e-08,-7.90761589541944e-09,SZ
1632797024.500,scene-000251-8,Vehicle,-14.364299768951586,-25.92317381718227,-0.003675940212771784,0.005858747025314034,0.1095097111556734,-0.06269134458350091,91.50090680659412,0.0022182559918064726,-0.0018872664834077568,SZ
1632797024.500,scene-000251-10,Vehicle,-13.788918105802495,-31.970176454787342,-0.0016419030873003108,0.003201339347393757,0.03635370148639875,-0.012438759719082489,91.43882850085583,-0.0037725252733480374,0.004783941270488867,SZ
1632797024.500,scene-000251-11,Vehicle,-7.182522141294002,-43.88170528410617,-0.07767764161419934,0.020290744501652597,1.99610406736963,0.05033448328220562,178.4962329637237,-0.003772351282634645,0.00478373851598235,SZ
1632797024.500,scene-000251-12,Vehicle,-23.46525728324757,40.63034733792512,-5.089595209624821,0.7773156194930887,2.7394512104445035,-0.2203134293155471,82.50090680480537,-11.994537785158855,-38.62271423748456,SZ
1632797024.500,scene-000251-13,Vehicle,-23.79737580286265,28.858080868706843,2.5776232736983027,0.09141628285155604,1.016780815290014,0.19166543331228725,271.50090680566507,0.0013149218996553191,-0.0018872674607877116,SZ
1632797024.500,scene-000251-14,Vehicle,-25.28832126102648,22.157821921467654,0.003466510641916173,-0.03314873243531063,0.034531822870958795,0.0011655851705075493,268.50090680567547,0.002218295726549968,-0.0018872674498167097,SZ
1632797024.500,scene-000251-15,Vehicle,-23.185032380806074,18.508662745212852,0.003778108188327855,0.004204161138932143,0.005100112895938319,-0.01822550216885645,269.13585120326815,-0.003739398387963888,0.004734122537556118,SZ
1632797024.500,scene-000251-16,Vehicle,-23.03287875892875,14.913956031354996,0.005098890818981349,0.004217083003369766,0.01918905087405714,-0.017962090944411528,270.8401306931965,-0.0037726216716718053,0.004784548979824943,SZ
1632797024.500,scene-000251-17,Vehicle,-42.66707927490737,18.829448826022613,1.102486436393047,0.008391342867440237,-0.32729648692131175,0.5946487073860685,271.50090680566507,0.002218296178017276,-0.0018872674607877116,SZ
1632797024.500,scene-000251-18,Bicycle,5.39970171298317,27.720503721417025,0.10211666564903132,-0.08272146137809006,1.2950588210303018,-1.162583375230552,26.541158507907568,-3.683385577277903,-1.4081053572407427,SZ
1632797024.500,scene-000251-19,Vehicle,-1.701118273748323,25.6517188013069,-2.3381745805681957,-3.381536984598892,-1.6796232958175477,-3.1939376196126688,132.72925168973055,13.810191618764577,-3.696749722172328,SZ
1632797024.500,scene-000251-20,Bicycle,10.121398882395841,28.09010280338269,-0.10979530654711685,0.12074321330878501,0.4862863584838423,-0.5502314877299873,0.5486062147964077,0.3187826856647291,-10.079992500613457,SZ
1632797024.500,scene-000251-21,Vehicle,1.117291233043569,-38.138352462980556,0.5758196340736564,11.419652451959784,0.5199193951887877,-1.5115187915527741,358.5009068053356,-2.997781689536936,-3.0018872678147517,SZ
1632797024.500,scene-000251-22,Vehicle,-40.789018848102444,11.786461260935235,10.351892533004861,-0.3208044995513398,-11.628396597349237,0.887792657205168,266.3267905118041,-5.440111177991014,0.13701754069097127,SZ
1632797024.500,scene-000251-24,Vehicle,32.915638609308914,31.225057876112604,-3.3727303055791045,-0.003543044690445029,0.2761260098412901,0.11324024789185352,85.50118757294854,0.0022409766996531744,8.996315894564646,SZ
1632797024.500,scene-000251-25,Bicycle,15.078529540383217,-6.730846487807093,1.2816526053826602e-14,2.3407860220451157e-14,-8.337435664160727e-15,6.965224778083566e-14,222.11682263444632,-3.354401911792593e-08,2.9851747740394785e-09,SZ
1632797024.500,scene-000251-26,Bicycle,15.68628298904203,-6.074699715888028,1.2992068367445053e-14,2.4461889538025457e-14,2.5331419293383708e-14,4.658612694679323e-14,227.32243046763085,-3.273770232681272e-08,2.778932639557752e-09,SZ
1632797024.500,scene-000251-27,Bicycle,17.095033937770555,-4.806959479940236,2.6441809231120034e-14,2.285059566765584e-14,-6.402268547667396e-14,4.242943874153308e-14,226.82208802463774,-3.285232708094554e-08,2.802579501803848e-09,SZ
1632797024.500,scene-000251-28,Bicycle,14.350068365990303,-7.374521371907367,1.5754987783204962e-14,2.4918655188616887e-14,-3.753969194955034e-14,9.455619473621165e-14,211.86448723612824,-3.267960124730962e-08,3.119296820841555e-09,SZ
1632797024.500,scene-000251-29,Bicycle,16.202304253476274,-5.599211561664779,3.6496124789290796e-14,2.6215546384017203e-14,-9.580161682808324e-14,7.368829244631688e-14,244.92795313880373,-2.3911553626021487e-08,1.501746282883687e-09,SZ
1632797024.500,scene-000251-30,Bicycle,17.00354788484435,-3.0730665365933962,1.116642286924393e-14,1.9943596115149125e-14,6.062922345953908e-14,1.4288516375735835e-14,275.3935264682457,5.834187355446829e-09,-1.560606754935634e-09,SZ
1632797024.500,scene-000251-31,Bicycle,20.790660717670924,-1.3435582884864956,2.858349810445914e-14,1.8960723631823404e-14,-1.8223212384873613e-13,-1.1626795731334662e-14,212.2420084809958,4.116448366175973e-06,-5.843867029398098e-06,SZ
1632797024.500,scene-000251-32,Pedestrian,24.90910485612826,2.496746071600616,1.7115162545951506,0.12226553249718675,-0.17166905335892846,0.3836120600501003,292.03382900204264,-3.8210539856378176,-3.3155203027490643e-09,SZ
1632797024.500,scene-000251-33,Bicycle,19.536726906550996,-2.597124347820532,3.5303408814796674e-14,2.0132487138770916e-14,-1.578822733632832e-13,-1.0984101576268086e-15,224.0873472961382,6.7961876197841775e-06,-7.041825327291917e-06,SZ
1632797024.500,scene-000251-34,Bicycle,17.57687472381206,-4.446120973120186,2.518320375154611e-14,2.1684108373058284e-14,-7.044066889534625e-14,3.4442745823338955e-14,219.08841731647067,-3.362131906214927e-08,3.062986309032567e-09,SZ
1632797024.500,scene-000251-35,Bicycle,17.784864844745375,-4.038888584086666,1.8487798926413825e-14,2.3261258949972865e-14,-7.371340373122227e-14,9.888307969018843e-15,228.64205100327618,-3.239746604322136e-08,2.7126390023113345e-09,SZ
1632797024.500,scene-000251-36,Bicycle,19.103549929200074,-3.0450096663377844,4.292363404093186e-14,2.2544426430720666e-14,-5.699278014099915e-14,2.027808277274364e-14,203.258828460193,-2.9667106105080165e-08,2.9485391905836877e-09,SZ
1632797024.500,scene-000251-37,Bicycle,18.459098657718798,-3.8511117148047194,3.990583279533775e-14,2.260465941737242e-14,-1.830815871525283e-13,2.6952994810642382e-14,234.70895833624095,-3.0137890405512735e-08,2.340669880140922e-09,SZ
1632797024.500,scene-000251-38,Bicycle,21.731524741357845,0.15816879678028323,4.342510793808944e-14,1.7206151751812765e-14,-1.6677181217461155e-13,-3.208013413605684e-14,245.31953187024246,-2.3618284217263863e-08,1.4653736002401274e-09,SZ
1632797024.500,scene-000251-39,Bicycle,22.846000084466723,1.1843349276739004,-0.0032628786799906314,-0.001333858525420998,2.112349502208198e-05,8.768884026921255e-06,245.3122079392524,0.6400001029217748,-4.5199339382406833e-08,SZ
1632797024.500,scene-000251-41,Bicycle,21.195824080278477,-0.6800764222380647,2.6294200069053184e-14,1.8470611368613783e-14,3.056922401115794e-14,-2.0572623198869343e-14,226.69842496163972,-3.287946981345158e-08,2.808207000271068e-09,SZ
1632797024.500,scene-000251-42,Bicycle,24.659237540560277,1.4333575739457693,4.531905687932645e-14,1.6800331733230073e-14,-1.840800411487145e-14,-4.941674947726233e-14,318.2242994826948,-3.82098193085767e-08,-1.1317965231683047e-08,SZ
1632797024.500,scene-000251-45,Vehicle,13.75564248076433,-26.422677712488294,-5.300058411745481e-16,6.63375826137727e-14,5.303738026729195e-14,2.9810763833010935e-13,88.00068398975338,1.0915130133071216e-08,1.0194412425335031e-08,SZ
1632797024.500,scene-000251-46,Vehicle,-19.411267058221085,-26.17357142174605,-5.1920237395629316e-14,3.5082771082459915e-14,-7.572948514057043e-15,3.5593555067582186e-13,92.80373820606576,-3.671615900202596e-08,-3.537650172802387e-10,SZ
1632797024.500,scene-000251-47,Vehicle,-26.68176719688517,-25.99690323762284,-6.461649159241719e-14,3.085974824064771e-14,1.995275393935424e-13,2.99438545323785e-13,88.50068398974321,1.1208442174392985e-08,1.0182645837630844e-08,SZ
1632797024.500,scene-000251-48,Vehicle,18.84516773550392,38.14956191910357,5.829859601617281e-14,-4.065361135859177e-14,-8.440266446380667e-14,-3.065550659524836e-13,91.49772105964485,3.385014224477345e-08,-2.994994474647683e-08,SZ
1632797024.500,scene-000251-49,Vehicle,45.03936877819203,37.64185167167146,-5.656906037080599,-0.24343175436596717,2.3494172968458287,-1.026236397160584,88.50090680474636,2.5022183409743093,0.9981127315501794,SZ
1632797024.500,scene-000251-50,Vehicle,68.02990175369769,41.09713990024494,-3.5899405383139342,0.07354038108337019,8.612186891713112,0.5582011246668841,90.5009068066044,0.0022182512434198998,1.9981127328815091,SZ
1632797024.500,scene-000251-54,Vehicle,-12.863544818982183,-43.5596176978877,-2.5763199552066017e-05,-0.0008346398925855237,7.859407030470088e-05,0.0032165075010432732,178.49981135843495,-2.60655355077688e-08,3.6179841345074237e-09,SZ
1632797024.500,scene-000251-55,Vehicle,-12.849350148194299,-36.87079143857329,-0.11515900135454808,-0.013926551648538742,-0.7978449640527934,-0.09648597998177368,178.49981135365536,-1.5095722005753487e-08,-4.299636202631518e-09,SZ
1632797024.500,scene-000251-56,Barrier,6.1019362134077575,28.04610499147444,0.006815058433964377,0.004304746002252788,-0.009122544230646117,-0.002496969408205263,195.30667392503716,-2.1985471221341868e-09,-3.0762663527639234e-08,SZ
1632797025.000,ego,AV,0.0007594256537871624,-0.0006348282640400227,-0.0008634732778429291,-0.00010974589536883973,-0.025875345610727123,0.0021410097599158045,0.00039403582079607547,-0.0010954546344635761,-0.00489132208741634,SZ
1632797025.000,scene-000251-1,Pedestrian,-11.395802492708814,-26.871553323798704,-0.29299672384242137,1.3150984860535229,-0.27871794276027595,0.38950257207424155,11.515348890902288,-0.1900123551042725,-2.9902843337389413,SZ
1632797025.000,scene-000251-2,Pedestrian,11.150168101712334,26.188021798625265,0.05998826246175921,1.086406941866911,-0.21383215430882666,0.03863437950960957,7.500394034794255,-0.0010954545850552222,-37.547233609993384,SZ
1632797025.000,scene-000251-4,Vehicle,-3.470701344326705,-43.97769889543273,0.11172165806045778,-6.7468814419322305,-0.9979153793625503,1.361594659593134,181.5047871311112,-0.003952831218668962,-0.004967817389982088,SZ
1632797025.000,scene-000251-5,Vehicle,-3.6444997507440786,-31.262479292316748,0.7772264123182586,-7.144595272930758,-0.21994665616196585,2.3187388534717286,187.50039403666352,-3.0010954546708177,-6.004891280912389,SZ
1632797025.000,scene-000251-6,Bicycle,-5.875039545434711,-22.338033489753755,0.5212141312659526,-6.436796132863258,0.39506253590566587,-1.0295461944722852,184.50039403669905,2.9989045453051233,2.995108716879244,SZ
1632797025.000,scene-000251-7,Vehicle,-6.826739461525308,-37.498057369537094,2.9822950358266776e-14,3.044361089073733e-14,2.221609771086832e-13,-6.343837039641842e-13,186.8149397066164,-3.823998895313707e-09,1.7059804235941556e-08,SZ
1632797025.000,scene-000251-8,Vehicle,-14.361627468280966,-25.926136050377846,-0.003991743339657661,-0.013818057078202727,-0.110772923663217,-0.016015871830566145,91.50039403834512,-0.0010954547762196398,-0.0048912054838865515,SZ
1632797025.000,scene-000251-10,Vehicle,-13.787666403392706,-31.969642758819,0.0017055952617342782,-9.081295495712114e-05,-0.022963708090260396,-0.0007298494903210247,91.43901513566755,0.002150984561239966,0.0034776978305615103,SZ
1632797025.000,scene-000251-11,Vehicle,-7.094711375547255,-43.883418764819936,0.18319386086647355,-0.06344599410646447,-0.9526180574469387,-0.3852814377146739,178.49641961463595,0.002151058539368478,0.0034775943282312483,SZ
1632797025.000,scene-000251-13,Vehicle,-22.38975972330496,28.881627835842416,3.0362547261270376,-0.08946712121774572,0.8177449944249222,-0.9151990495894943,271.49949066152817,-0.0010954546336630067,-3.003365396341181,SZ
1632797025.000,scene-000251-14,Vehicle,-25.28752588093744,22.147652701899965,-0.010793696467345973,0.0049907511718562895,-0.09157265130800736,0.15139234925816014,268.50039403583503,-0.001095454635262172,-0.004891321428740936,SZ
1632797025.000,scene-000251-15,Vehicle,-23.18395277742366,18.509165326098863,-0.0023536243061504513,-0.0008364614195877356,-0.029627042873851553,-0.0019369880652230697,269.1360306063284,0.0021448321736272646,0.003446025213776238,SZ
1632797025.000,scene-000251-16,Vehicle,-23.03178659055803,14.914459156033695,-0.008442034132168218,-0.0009248951984396083,-0.0733527506786554,-0.002605821862825968,270.8403174981413,0.002151371424329862,0.003477998754476408,SZ
1632797025.000,scene-000251-17,Vehicle,-42.137025344858806,18.856373272995338,1.057174829235634,-0.003898180745048929,0.1460500582916593,-0.6438068018360252,271.50039403580655,-0.0010954546336630067,-0.004891322746087168,SZ
1632797025.000,scene-000251-18,Bicycle,5.495359835921115,27.658691091726826,0.04595070107203431,0.08521298842262769,-1.5197226793382899,1.834321174433423,26.513302963242296,-0.12332464145063682,3.536121185636972,SZ
1632797025.000,scene-000251-19,Vehicle,-2.879023338154465,23.769543741411475,-1.9711754013460734,-3.7314919852715924,3.1476200127060423,1.7941176169218664,139.50039403732384,15.765838332250112,1.1831571806123407,SZ
1632797025.000,scene-000251-20,Bicycle,10.12834404708842,28.106123267654905,0.13969001162875044,-0.007805769051774962,0.5116549142196272,0.036035558287747516,357.0370489730525,-5.031501277957517,-1.8584173521316814,SZ
1632797025.000,scene-000251-21,Vehicle,1.44048170288136,-32.558677753654855,0.6575237020822361,11.016623049922831,-0.19310312315446998,-0.10059881659502423,355.5003940349424,-6.0010954545608115,-0.00489136214997643,SZ
1632797025.000,scene-000251-22,Vehicle,-36.43316788392361,11.622438839906946,8.338419868400594,-0.5644736913683452,3.5745059389321554,-1.862469424473189,263.6418312171242,-5.368127912586871,4.296000972789681,SZ
1632797025.000,scene-000251-23,Bicycle,1.3020086287945611,-84.80527924495487,0.6393676829734634,11.381035351129867,-0.7744368283471186,-0.5375840079266254,353.6098536662437,0.8526809448761696,5.091126809020352e-08,SZ
1632797025.000,scene-000251-24,Vehicle,31.141572195617076,31.22683983951622,-3.967969373453139,-0.010532192170378494,-2.657082281337429,-0.1411968378115874,88.50007325588285,2.9983458718954807,-0.004874125107590999,SZ
1632797025.000,scene-000251-25,Bicycle,15.078529540383219,-6.730846487807082,-1.2890552155211519e-14,-2.7993616770221396e-16,-9.449087717199179e-14,-1.6440343333344915e-13,222.1168226366305,1.071910560312972e-09,5.030679517403769e-08,SZ
1632797025.000,scene-000251-26,Bicycle,15.686282989042034,-6.074699715888018,-1.1000709485433028e-14,-1.9505351125409565e-15,-1.2130253070489602e-13,-1.5223582554905888e-13,227.32243046957095,1.044270447891904e-09,5.7272117715001514e-08,SZ
1632797025.000,scene-000251-27,Bicycle,17.095033937770555,-4.806959479940227,-3.6877947093071577e-14,-3.0178458386874343e-15,-1.892563398200925e-13,-1.4590320476690615e-13,226.8220880266038,1.0484839663149614e-09,5.665108915309247e-08,SZ
1632797025.000,scene-000251-28,Bicycle,14.350068365990305,-7.374521371907354,-1.1466911542620837e-14,1.1306281935238323e-15,-7.134790535375285e-14,-1.897083027165839e-13,211.86448723860804,1.0207159562014567e-09,3.4254810543643543e-08,SZ
1632797025.000,scene-000251-29,Bicycle,16.202304253476278,-5.5992115616647675,-2.7725563298757777e-14,-1.5752491430038564e-15,-1.610851355241111e-13,-1.8485147455440108e-13,244.9279531395667,7.04829972164589e-10,7.025792569947953e-08,SZ
1632797025.000,scene-000251-30,Bicycle,17.003547884844355,-3.07306653659339,-1.6173869530569625e-14,-6.1558276968269475e-15,-1.6999039305879333e-13,-1.1868621162364011e-13,275.39352646672296,-3.766160716622835e-10,4.180229851158401e-08,SZ
1632797025.000,scene-000251-31,Bicycle,20.79066071767092,-1.3435582884864916,-3.2925247319537256e-14,-1.1033930998909762e-14,-6.380285784724944e-14,-1.0835182279159799e-13,212.24200476041153,-2.4262515978534793e-06,3.2688859619156574e-07,SZ
1632797025.000,scene-000251-32,Pedestrian,25.749015124544005,2.5866685441814066,1.6593463646439086,0.19910075547784475,-0.03701050644603754,-0.07627116812746848,290.12330199362265,-3.8210540124872523,2.745750293797755e-09,SZ
1632797025.000,scene-000251-33,Bicycle,19.536726906550996,-2.5971243478205266,-3.113624928877255e-14,-8.015948628930621e-15,-1.0787635905099366e-13,-1.1149533291317936e-13,224.08734277618174,-2.895641976863317e-06,-5.0511277436271484e-06,SZ
1632797025.000,scene-000251-34,Bicycle,17.57687472381206,-4.446120973120178,-3.2756240279255655e-14,-4.017268538144543e-15,-1.613171072278607e-13,-1.3724825346815028e-13,219.08841731876868,1.0713705478337943e-09,4.5814566362878395e-08,SZ
1632797025.000,scene-000251-35,Bicycle,17.784864844745375,-4.038888584086659,-1.8547246920022083e-14,-6.362030746594429e-15,-7.442677965452139e-14,-1.2838146675528803e-13,228.6420510051454,1.0315801546312287e-09,5.885480902634299e-08,SZ
1632797025.000,scene-000251-36,Bicycle,19.10354992920008,-3.0450096663377773,-2.8966508901007927e-14,-7.52580940902123e-15,-2.305677916267601e-13,-1.4055902613171124e-13,203.258828462716,8.738254564377712e-10,2.0041895254507835e-08,SZ
1632797025.000,scene-000251-37,Bicycle,18.459098657718798,-3.851111714804712,-3.404126880254343e-14,-6.650468132699052e-15,-1.1270681923899646e-13,-1.4397350501092827e-13,234.70895833774279,9.450573656977213e-10,6.498758153838935e-08,SZ
1632797025.000,scene-000251-38,Bicycle,21.731524741357845,0.15816879678028536,-4.515726283252599e-14,-1.356919403519076e-14,-1.875576709078501e-13,-9.102124901195721e-14,245.31953187097503,6.935891860848642e-10,7.031832183201914e-08,SZ
1632797025.000,scene-000251-39,Bicycle,22.84437016958366,1.1836686312508802,-0.0032590128121627124,-0.001332253708285845,-5.660023710409717e-06,-2.349615486307334e-06,245.63220793855896,0.6400000388568721,-3.1661638644209233e-08,SZ
1632797025.000,scene-000251-41,Bicycle,21.195824080278484,-0.6800764222380615,-1.7598141995289843e-14,-1.2480186309032507e-14,-2.061385922685301e-13,-1.032305675117158e-13,226.69842496361204,1.0494218827261648e-09,5.6495878197893035e-08,SZ
1632797025.000,scene-000251-42,Bicycle,24.659237540560284,1.43335757394577,-4.340354858432902e-14,-1.7249673208494e-14,-3.364824177397505e-13,-8.678327028963393e-14,318.22429947685646,-5.76707037680535e-09,1.7104409977264368e-07,SZ
1632797025.000,scene-000251-45,Vehicle,13.755642480764331,-26.422677712488255,-1.5411923480723875e-15,2.7277027990760325e-14,-5.70821262948833e-14,-4.5434985682215887e-13,88.0006839951333,4.745857040688861e-09,-7.498783816117793e-09,SZ
1632797025.000,scene-000251-46,Vehicle,-19.411267058221096,-26.173571421746015,4.1784865701363875e-14,5.4013390894154755e-14,3.8239336090202986e-13,-2.8021307142904255e-13,92.803738206297,-4.2447823034308385e-10,1.6282038473036664e-07,SZ
1632797025.000,scene-000251-47,Vehicle,-26.681767196885172,-25.996903237622806,5.803481626364577e-14,5.5267405842985385e-14,2.910776920307097e-13,-2.0180791491443424e-13,88.50068399511582,4.739604264614172e-09,-7.624294084962457e-09,SZ
1632797025.000,scene-000251-48,Vehicle,18.845167735503928,38.14956191910353,-5.2863961770787946e-14,-5.521683152272561e-14,-3.6024756668403636e-13,2.483021852959482e-13,91.49772104002852,-1.1941551747440826e-08,1.4974347095630947e-08,SZ
1632797025.000,scene-000251-49,Vehicle,42.45047810688632,37.51767677672424,-4.80688627788449,-0.0016267616612629945,1.0506617399386151,1.9934563679794008,91.0003940383591,-0.0010954544926562448,-5.0048914488124865,SZ
1632797025.000,scene-000251-50,Vehicle,66.56415014994872,41.15969297030885,-3.767675268794229,0.08868737705001778,-9.323125813634302,-0.4976131408002938,91.50039403359676,0.9989045445990428,-0.004890996370022549,SZ
1632797025.000,scene-000251-54,Vehicle,-12.863546776046078,-43.55961580895872,2.0135498152977134e-05,0.0008764864838189297,0.00010500072051547177,0.0036279980045745407,178.49981135189705,-7.104503652044514e-09,1.3924477570981253e-08,SZ
1632797025.000,scene-000251-55,Vehicle,-12.849350148194304,-36.87079143857325,0.42977924372226256,0.0519745982927767,2.9775979443600358,0.3600905797470355,178.49981135189705,-2.324895831407048e-09,6.729976576025365e-09,SZ
1632797025.000,scene-000251-56,Barrier,6.104685380328498,28.048077161421222,0.00514552071417816,0.0038477700282394636,0.002444393351501241,0.0006690655121519753,195.30667390031257,-1.105719604765909e-08,7.983734917615948e-08,SZ
1632797025.500,ego,AV,-0.0006951396683772589,-0.000662658109378001,-0.0005316089746188895,-0.0004827397212691413,0.027202802823623282,-0.003632985063517012,359.9998113510358,-0.002673026135127543,0.001053003210384472,SZ
1632797025.500,scene-000251-1,Pedestrian,-11.53580514949354,-26.218062756074026,-0.18434300733343964,1.1933707912224598,0.7133328087962031,-0.876413351398492,9.597647445200437,-1.4508578163599566,2.169680068967324,SZ
1632797025.500,scene-000251-2,Pedestrian,11.18168492748818,26.681346583598458,0.12258246830876307,0.7774762312279365,0.46420897769684233,-1.2743572220655062,355.4998113507637,-16.242181918907846,-8.482102896645856,SZ
1632797025.500,scene-000251-4,Vehicle,-3.483243180021929,-47.252876518550124,-0.049215485451620945,-6.497701519738182,0.35416680531423517,-0.36487497081694187,181.49981135131907,-0.007066092748829078,0.003910382540468049,SZ
1632797025.500,scene-000251-5,Vehicle,-3.328859494615957,-34.67052094332523,0.3943753761727034,-6.738744073557306,-1.3114574884202546,-0.6953340559778987,184.49981135130784,-6.002672998301151,0.0010530060039002365,SZ
1632797025.500,scene-000251-6,Bicycle,-5.563713823741479,-25.651653001101753,0.7267604336510671,-6.750738253743399,0.42712267363479306,-0.2262222890482768,187.49981135129684,5.997326998320531,-2.9989469941983202,SZ
1632797025.500,scene-000251-7,Vehicle,-6.826739461525284,-37.49805736953712,2.869875899771594e-14,-7.282155237285267e-14,-2.2665774255088652e-13,2.2132305090982416e-13,186.81493970686233,-2.1367725366872037e-09,8.372097681785817e-09,SZ
1632797025.500,scene-000251-8,Vehicle,-14.32802508315565,-25.93596961633626,0.2372910283470195,-0.027361313636431038,1.0759040104099253,-0.038157154402347154,91.49981135181787,-0.002672949492080079,2.9995412699821316,SZ
1632797025.500,scene-000251-10,Vehicle,-13.788058876047748,-31.96951186246674,-2.509943115511103e-05,0.0011494663960567725,0.016040929318702837,0.005690966894376599,91.44097948541707,-0.00029482744278652717,-0.00829133482875477,SZ
1632797025.500,scene-000251-11,Vehicle,-7.068070593008285,-43.93402428194137,0.031611487862607965,-0.08042075508699938,0.3462885654314763,0.3173823937925342,178.4983840222631,-0.0002947569544033968,-0.00829124994571373,SZ
1632797025.500,scene-000251-13,Vehicle,-20.8018671359618,28.795456019695244,3.2504098231986487,-0.10929689205016338,0.038875393861522056,0.8358799662598237,271.4998113510314,-3.002050474441528,-2.9993095304090436,SZ
1632797025.500,scene-000251-14,Vehicle,-25.294484835799935,22.16047500233865,0.002726826586729893,0.029104212973859633,0.14565474352431085,-0.05493850205014676,268.4998113510402,-0.0026730257021909676,0.001053003254000373,SZ
1632797025.500,scene-000251-15,Vehicle,-23.186050051016323,18.508982697762477,-0.0004696322252207798,0.0010613998371642836,0.037163011197570234,0.00952843309223115,269.1379960354418,-0.00029337317418764997,-0.00828946818488241,SZ
1632797025.500,scene-000251-16,Vehicle,-23.03376612913071,14.914278764074387,0.023345024497919184,0.0014188941067378984,0.200500985199005,0.011980979083535993,270.8422820646208,-0.00029462291719539735,-0.008291806770255539,SZ
1632797025.500,scene-000251-17,Vehicle,-41.62349577132868,18.81760978434847,0.9303152681365875,-0.06383286993210494,-0.6534883026878462,0.40406804508780125,271.4998113510314,-0.0026730265680698917,-0.005164335988915969,SZ
1632797025.500,scene-000251-18,Bicycle,5.420735969933811,27.762377417213266,-0.15971392823332,-0.006888317534975339,0.6970641621168726,-2.2027263982638354,26.41783386645693,-0.14726439164093108,0.018068582444911385,SZ
1632797025.500,scene-000251-19,Vehicle,-3.5861629749645725,22.050160348147113,-1.0873920213450088,-3.3018457932734537,0.3875135072982161,-0.07553284892931522,148.49509002198067,14.993348799376918,-3.2646146544729646,SZ
1632797025.500,scene-000251-20,Bicycle,10.19263545255318,28.078743206492423,-0.021545319023851133,-0.15767771844327985,-1.1565962368300333,-0.6355233558537671,355.5171049368389,-1.5396346664669522,9.587291068047804,SZ
1632797025.500,scene-000251-21,Vehicle,1.8499705802792652,-27.18103997134473,1.190161641011577,10.25773029816384,2.3236548788718316,-2.9349721904409236,352.4998113507748,-3.0026730516869122,-0.5306083390295555,SZ
1632797025.500,scene-000251-22,Vehicle,-32.16540353125751,11.184078421249835,8.036119894462365,-1.035597773087684,-4.783705834685058,-0.02202690240416505,260.9586625992173,-1.1441102052013328,-2.825805696436417,SZ
1632797025.500,scene-000251-23,Bicycle,1.5534747906510498,-79.19163536710614,0.42367081227878467,11.054188566814304,-0.08835065443159618,-0.769803129335628,354.0361941386817,0.8526809703318037,-2.3891061867381183,SZ
1632797025.500,scene-000251-24,Vehicle,29.165668502840305,31.222773752907894,-3.255212839419994,0.03196707414369935,5.508108417470016,0.31119390306789885,88.49953344484402,-0.0026331484079378242,-2.9984729591605515,SZ
1632797025.500,scene-000251-25,Bicycle,15.07852954038321,-6.730846487807093,-3.886881578586531e-15,-2.22881155496423e-14,1.3050555947849174e-13,7.637071580568883e-14,222.11682263551825,1.676277605611176e-08,-1.1769998309318908e-09,SZ
1632797025.500,scene-000251-26,Bicycle,15.686282989042025,-6.074699715888029,-9.636535349174518e-16,-2.198881960606238e-14,1.6145075450695833e-13,7.20826875749732e-14,227.32243046867512,2.453441538818879e-08,-3.0750868518225616e-10,SZ
1632797025.500,scene-000251-27,Bicycle,17.095033937770534,-4.806959479940238,-6.827713295651752e-15,-2.1437353349307604e-14,3.094572750097718e-13,7.222517472442554e-14,226.82208802568624,2.379876207214693e-08,-3.9398173612426035e-10,SZ
1632797025.500,scene-000251-28,Bicycle,14.350068365990298,-7.374521371907366,-1.861764721926124e-15,-2.411209744451146e-14,1.097684926365317e-13,8.873740016444272e-14,211.86448723714898,1.575223507188639e-09,-2.601950654934626e-09,SZ
1632797025.500,scene-000251-29,Bicycle,16.20230425347626,-5.59921156166478,-1.08589998854717e-14,-2.524362033020253e-14,2.2855138917725537e-13,9.017798980560644e-14,244.9279531395086,4.634637207345804e-08,2.8208368973992037e-09,SZ
1632797025.500,scene-000251-30,Bicycle,17.00354788484434,-3.0730665365934,-1.0419790965374438e-14,-1.6636567400644343e-14,1.9300670731957409e-13,7.67632528083705e-14,275.39352646786904,4.763648586703084e-08,5.82494408263301e-09,SZ
1632797025.500,scene-000251-31,Bicycle,20.790660717670907,-1.3435582884865025,-3.463919190325152e-15,-1.6125296152240185e-14,1.8164817036409783e-13,8.798636217827635e-14,212.2420060547442,4.443336962367539e-06,4.7965667278049295e-06,SZ
1632797025.500,scene-000251-32,Pedestrian,26.588925392959727,2.6765910167621856,1.7300215078180203,0.16040111656085168,0.31971107914248265,-0.07852738754050359,288.2127749895554,-3.8210539828920673,1.1409301070941869,SZ
1632797025.500,scene-000251-33,Bicycle,19.536726906550978,-2.597124347820537,-1.7339822023721517e-14,-1.7378580473152562e-14,1.6306206811119778e-13,7.404480553629157e-14,224.08734440049622,1.745059876157029e-06,4.7415036732445515e-06,SZ
1632797025.500,scene-000251-34,Bicycle,17.576874723812043,-4.4461209731201885,-7.396529985385412e-16,-2.160224577508236e-14,2.893834563507292e-13,6.690834452039899e-14,219.08841731754205,1.2193247300729126e-08,-1.644423264224315e-09,SZ
1632797025.500,scene-000251-35,Bicycle,17.784864844745364,-4.03888858408667,-8.247657464734507e-15,-1.9129418036398153e-14,1.156251374756717e-13,7.731191759607315e-14,228.64205100430775,2.6457350088548992e-08,-7.707967597525567e-11,SZ
1632797025.500,scene-000251-36,Bicycle,19.10354992920006,-3.045009666337789,-1.2322726728112165e-14,-1.90865413856395e-14,2.971429203183431e-13,9.431609822523814e-14,203.25882846106683,-9.62521085057233e-09,-3.3701184065648704e-09,SZ
1632797025.500,scene-000251-37,Bicycle,18.45909865771878,-3.8511117148047234,-1.0322167949179053e-14,-1.9983604218479595e-14,2.0758322265245395e-13,9.064096066780611e-14,234.708958337186,3.4849691132876615e-08,1.0103846648235049e-09,SZ
1632797025.500,scene-000251-38,Bicycle,21.73152474135782,0.15816879678027476,-1.2010031117606536e-14,-1.3722078987650643e-14,3.2014659776752794e-13,9.040970920211771e-14,245.31953187093603,4.6700037614755274e-08,2.886743288854632e-09,SZ
1632797025.500,scene-000251-39,Bicycle,22.842740254700562,1.1830023348278484,-0.0032600486683272744,-0.0013326837177471216,1.5165990521585904e-06,6.295776412042209e-07,245.9522079781093,0.6400000712601361,2.036294333152e-08,SZ
1632797025.500,scene-000251-41,Bicycle,21.195824080278467,-0.6800764222380725,-1.9850478306302823e-14,-1.5179233166740334e-14,1.9712924702447817e-13,9.243438008088448e-14,226.69842496268913,2.3616408384441456e-08,-4.1521275306877214e-10,SZ
1632797025.500,scene-000251-42,Bicycle,24.65923754056025,1.4333575739457585,-2.0918837051631384e-14,-1.3082752747213282e-14,4.2642126387054107e-13,1.034509521347568e-13,318.22429947692774,1.3283428046406698e-07,5.1191150873819424e-08,SZ
1632797025.500,scene-000251-45,Vehicle,13.75564248076433,-26.422677712488277,6.694775233464098e-15,-6.886428421279896e-14,9.002599662102923e-14,6.978460800792184e-14,88.00068399449927,3.4163463169534225e-09,-1.4543672932632035e-09,SZ
1632797025.500,scene-000251-46,Vehicle,-19.41126705822106,-26.173571421746015,3.399474909979485e-14,-3.7973513931048874e-14,-4.1355382730830604e-13,-8.773454787177205e-14,92.80373820564125,1.2610422572834068e-07,1.348459477412689e-08,SZ
1632797025.500,scene-000251-47,Vehicle,-26.681767196885136,-25.996903237622803,2.43237651930611e-14,-3.8766550884559204e-14,-4.2592189631304836e-13,-1.743279119957441e-13,88.50068399448281,3.5841480894305278e-09,-1.287958184548188e-09,SZ
1632797025.500,scene-000251-48,Vehicle,18.84516773550389,38.14956191910353,-3.868928758824808e-14,4.8358116721464164e-14,4.169462634141958e-13,1.6599760768081098e-13,91.4977210477033,4.88244893404044e-08,8.815305818643537e-09,SZ
1632797025.500,scene-000251-49,Vehicle,40.144961212592776,37.63980483159355,-4.481994244976954,0.2376577605435624,0.24890639169152706,-1.036318279160099,88.49981135025368,-2.502673107838177,0.001053016933468598,SZ
1632797025.500,scene-000251-50,Vehicle,63.62355240008724,41.15289476868158,-7.7774545081718145,-0.09376067866362119,-6.715991143876032,-0.2321790820542618,91.49981135120345,-0.002672745126602649,-0.9989469661881571,SZ
1632797025.500,scene-000251-52,Vehicle,-8.87805543729337,61.54945582317313,5.9130518697021795e-15,7.173983402821388e-14,-1.404415115788843e-13,1.9518172529578797e-13,328.3587789492466,3.507864647644965e-07,-2.5036592887772713e-07,SZ
1632797025.500,scene-000251-54,Vehicle,-12.863547551760648,-43.55961386919551,-7.117546385429214e-05,-0.0026483338895291458,-0.0004702445685445489,-0.01772727949796684,178.49981135133044,-1.2141057936787547e-08,2.4047039914876223e-09,SZ
1632797025.500,scene-000251-55,Vehicle,-12.582023819272228,-36.83846279831958,-2.078278269666704e-12,-3.123073306936579e-13,-4.696714919257399,-0.5679889729193915,178.49981135133044,-8.365745429728122e-09,4.890921445621643e-09,SZ
1632797025.500,scene-000251-56,Barrier,6.107434547249218,28.050049331368054,0.005592861758085856,0.003970213246475231,-0.0006550291758704758,-0.0001792926392089056,195.30667391397995,7.763880205402529e-08,5.340868369785312e-08,SZ
1632797026.000,ego,AV,0.0003936401037380659,-0.001025005888690792,0.0007951958760239077,-0.00030036096745921057,-0.021895583421052092,0.004362500078756734,359.9977210096857,-4.245142407910407e-05,0.006162022684589506,SZ
1632797026.000,scene-000251-1,Pedestrian,-11.612551348586232,-25.58973706362243,-0.27012438208832673,1.6023159101142839,-1.056458307815751,2.5121938269657864,10.064491074542318,1.9796677138630514,-0.2743668294733368,SZ
1632797026.000,scene-000251-2,Pedestrian,11.289002213785816,27.029676388676496,0.2826865367440815,0.8536156735287297,0.17620729604443142,1.5789149912686806,351.2582121158864,-8.48319835123091,7.758983606268288,SZ
1632797026.000,scene-000251-3,Pedestrian,17.562925254352187,-15.677530064347199,1.3545083172921644,-0.07994061917187564,0.11182515856810848,-0.8943131389605636,265.38877181856384,7.092985971004049,-1.894862700163344,SZ
1632797026.000,scene-000251-4,Vehicle,-3.4705438515615286,-50.556713307533926,0.08608524033708446,-6.736398951722207,0.18703609784058634,-0.5899147571191641,181.49772103836236,-4.244867820091258e-05,0.011161821305876174,SZ
1632797026.000,scene-000251-5,Vehicle,-3.206734159028295,-38.17493450850487,0.2718656332856297,-7.375159729968752,0.8214185168719592,-1.8503285696679015,181.49772103836239,-3.0000424486669175,6.006161973271645,SZ
1632797026.000,scene-000251-6,Bicycle,-5.171566625893697,-29.073944840403705,0.7925816513758606,-6.9757189560628445,-0.16383780273561932,-0.6737005202295059,190.4977210350196,-4.244889319693357e-05,-11.993838020287527,SZ
1632797026.000,scene-000251-7,Vehicle,-6.826739461525284,-37.498057369537136,-7.330823577102517e-16,5.047213727037272e-15,1.0893037712918178e-13,9.015201348973558e-14,186.81493970447963,4.54809878647211e-09,-1.2691756978711055e-08,SZ
1632797026.000,scene-000251-8,Vehicle,-14.198061728345937,-25.92892766835556,0.036222069561753556,0.10651360375764495,-1.8801798455509893,0.573656823978651,91.49772108885304,2.998445815205912,-4.7247919814158195,SZ
1632797026.000,scene-000251-10,Vehicle,-13.787895975301533,-31.968444009317107,-0.0029826289900758197,0.0026854443820828588,-0.02787104755438568,0.00045294504972774596,91.43872030822473,-0.006140350267514805,-0.002345400922962426,SZ
1632797026.000,scene-000251-11,Vehicle,-7.040449055799287,-43.9339637076964,0.015934106170903416,0.08185935719568102,-0.40899809219829447,0.33173805533818734,178.49612485768154,-0.006140191406345252,-0.002345564379893972,SZ
1632797026.000,scene-000251-13,Vehicle,-19.19483665575884,28.788477549806707,3.131644386355071,-0.032247026795851896,-0.5139371412358287,-0.5276805052425777,268.4974401870867,-3.0004049850427066,4.805303027403056,SZ
1632797026.000,scene-000251-14,Vehicle,-25.284104285721366,22.16625338109342,0.020415961416876346,-0.009803527906567586,-0.07489820420372506,-0.10069246147156208,268.49772101013286,-4.2451381259356324e-05,0.006162021915140592,SZ
1632797026.000,scene-000251-15,Vehicle,-23.18390554105916,18.510412957811315,0.004515571394022197,0.004076652345644678,-0.01722219672059833,0.0025325769416904287,269.1357372331542,-0.006144636011255145,-0.002364044869011317,SZ
1632797026.000,scene-000251-16,Vehicle,-22.985442371317088,14.91638779161667,0.1931272515861502,0.006821132269333099,0.47862792315391933,0.009627973566844816,270.8400228752241,-0.006140435345925677,-0.0023459844093128845,SZ
1632797026.000,scene-000251-17,Vehicle,-41.17157563619852,18.8078307465796,1.01426235017974,-0.03202549802095386,0.9892766308604584,-0.27683855744319696,271.4977210092385,-0.006259790622578976,-4.236938603923903,SZ
1632797026.000,scene-000251-18,Bicycle,5.389160523325579,27.656562871976515,-0.04429086371197198,-0.07042903678459346,-0.23537190403148062,1.9485635212653627,26.366038571601365,-0.10525605900572543,0.04546910270758531,SZ
1632797026.000,scene-000251-19,Vehicle,-4.164496995182958,20.213445718577233,-1.3920984554448494,-4.39771297864004,-1.606339243697577,-4.3079358925370315,154.4937428367008,12.501223677777148,-2.9882757953214565,SZ
1632797026.000,scene-000251-20,Bicycle,10.11405860091754,28.016753449982673,-0.13922141255863066,0.10229773679150399,0.685891862690915,1.675425176792903,355.49741430658554,4.555789790090287,2.2468873405932186,SZ
1632797026.000,scene-000251-21,Vehicle,2.622442401220646,-22.257664009672244,1.6735939239071729,9.758538221317474,-0.3899257472894515,0.938203883055472,352.4977209832555,-6.531703793590367,-1.3020232949089632,SZ
1632797026.000,scene-000251-22,Vehicle,-28.52932623090015,10.624392253723885,6.940150471890699,-1.281414733379289,0.3998281443984091,-0.9612409387622547,262.49772101192286,-8.193933609023288,-13.742083620269295,SZ
1632797026.000,scene-000251-23,Bicycle,1.7828532888996393,-73.77044227159132,0.5510170285418672,10.61123222179424,0.5977355194839271,-1.0020222507446306,354.46253463657547,-1.5364252418619486,3.185994392230029,SZ
1632797026.000,scene-000251-24,Vehicle,27.768440173092955,31.249179474590896,-3.249971404011613,0.016701706043637486,-5.487142675836505,-0.37225537546814624,88.49744010747492,-0.00012708726507071333,-2.993433203465429,SZ
1632797026.000,scene-000251-25,Bicycle,15.078529540383212,-6.730846487807097,-1.4194485676048368e-14,4.167270075059389e-15,-1.7173597586833912e-13,2.9450826693117936e-14,222.11682265339326,-1.0508927061891882e-10,-4.272541787031514e-08,SZ
1632797026.000,scene-000251-26,Bicycle,15.686282989042029,-6.074699715888032,-1.7119099484101675e-14,4.6406852455784584e-15,-2.2607253830369524e-13,3.443533183159017e-14,227.32243049410536,7.367617627096479e-10,-5.711878969805184e-08,SZ
1632797026.000,scene-000251-27,Bicycle,17.095033937770545,-4.806959479940241,2.399540572695659e-16,3.5021309447058162e-15,-2.8118660559808656e-13,2.7532762451628143e-14,226.82208805040256,6.544880193359859e-10,-5.577465600481446e-08,SZ
1632797026.000,scene-000251-28,Bicycle,14.3500683659903,-7.3745213719073694,-1.3060452678879178e-14,4.7235627751092344e-15,-1.5456324446434392e-13,2.660524071404004e-14,211.86448724018325,-1.5812489095878846e-09,-1.337444643922936e-08,SZ
1632797026.000,scene-000251-29,Bicycle,16.202304253476264,-5.5992115616647835,-1.4103565450567448e-14,6.626461136200444e-15,-2.415296514376384e-13,3.730233606000547e-14,244.92795318591308,3.5256668695637927e-09,-9.455612826059223e-08,SZ
1632797026.000,scene-000251-30,Bicycle,17.003547884844345,-3.0730665365934016,-6.09581282634164e-15,3.4241805627945585e-15,-1.7571079476344286e-13,3.4797390453850953e-15,275.39352651435945,5.448328010970727e-09,-8.519011807095467e-08,SZ
1632797026.000,scene-000251-31,Bicycle,20.79066071767091,-1.3435582884865036,-1.716792213757115e-14,3.592663612160343e-15,-2.364641821530818e-13,-9.114523120674228e-15,212.24200920374847,2.3703151299514502e-06,-1.1716862388766458e-05,SZ
1632797026.000,scene-000251-32,Pedestrian,27.428835661375473,2.7665134893429784,1.4994908250728163,0.23836444924817923,-1.2418338101233006,0.3903807182898138,286.3022480107306,-2.6801239053930654,2.281860160800214,SZ
1632797026.000,scene-000251-33,Bicycle,19.536726906550978,-2.597124347820539,-6.0858729803564104e-15,2.923283266730355e-15,-1.1804627193773734e-13,7.162649423240097e-15,224.08734452124162,1.8458616963812347e-06,-4.8993337884439825e-06,SZ
1632797026.000,scene-000251-34,Bicycle,17.576874723812054,-4.446120973120192,-6.917711872196195e-15,5.161123347261969e-15,-3.1409569184535977e-13,4.014513196897832e-14,219.08841733096193,-5.730527163905208e-10,-3.4068271759224444e-08,SZ
1632797026.000,scene-000251-35,Bicycle,17.784864844745364,-4.038888584086672,-1.2410969439448913e-14,2.943645119175765e-15,-1.3227838537452935e-13,1.0980335026222521e-14,228.64205103160276,9.54500478655973e-10,-6.061338808649452e-08,SZ
1632797026.000,scene-000251-36,Bicycle,19.103549929200067,-3.0450096663377906,-7.0077124777554335e-15,3.9359171785679595e-15,-2.7588286331691615e-13,-2.2262639684083178e-15,203.25882845309079,-2.496292950127099e-09,9.563677849655505e-09,SZ
1632797026.000,scene-000251-37,Bicycle,18.459098657718783,-3.8511117148047256,-9.935187691952377e-15,3.984291974505786e-15,-2.0603530162354724e-13,5.230624104135425e-15,234.70895837259246,1.955442030521226e-09,-7.551117420234732e-08,SZ
1632797026.000,scene-000251-38,Bicycle,21.731524741357827,0.1581687967802746,-1.3384023061062907e-14,3.842529952609219e-15,-3.2564256554135346e-13,-2.0151273441078265e-14,245.31953191767508,3.580332474939496e-09,-9.509915344096953e-08,SZ
1632797026.000,scene-000251-39,Bicycle,22.8411103398175,1.1823360384048274,-0.0032597711114756302,-0.0013325684970424973,-4.063716455855043e-07,-1.6869482270549102e-07,246.2722080098191,0.6400000592198154,-1.309733477228292e-08,SZ
1632797026.000,scene-000251-41,Bicycle,21.195824080278467,-0.6800764222380731,-9.581355143513897e-15,3.919202239384077e-15,-1.560527543733225e-13,-1.604063845638685e-14,226.69842498722846,6.341949188026774e-10,-5.544082171127229e-08,SZ
1632797026.000,scene-000251-42,Bicycle,24.659237540560262,1.4333575739457591,-8.187956459634862e-16,4.2995703493879265e-15,-3.460210982478695e-13,-3.392165974835198e-14,318.2242996096908,4.5424080497014074e-08,-3.473484611049571e-07,SZ
1632797026.000,scene-000251-45,Vehicle,13.755642480764333,-26.422677712488294,-1.4579767549382497e-14,1.3701006059602436e-14,-1.7512416775241559e-13,2.604765530816838e-13,88.00068399854965,3.2914897474256577e-09,-3.0681945872856886e-08,SZ
1632797026.000,scene-000251-46,Vehicle,-19.411267058221068,-26.173571421746033,-7.233605518119205e-15,-8.700745533974272e-15,2.486404088366498e-13,2.0482562146007042e-13,92.80373833240128,1.3060116543783806e-08,-2.258787787923211e-07,SZ
1632797026.000,scene-000251-47,Vehicle,-26.681767196885144,-25.996903237622824,1.5200379546533878e-14,-6.782612668763595e-15,3.8942835372693944e-13,3.0226366485892656e-13,88.50068399869997,3.4516460800659843e-09,-3.126879732917587e-08,SZ
1632797026.000,scene-000251-48,Vehicle,18.845167735503892,38.149561919103554,-5.541708604249791e-15,-1.0317942926313041e-14,-2.843559474782027e-13,-4.0070184627191976e-13,91.49772108885304,-3.126245928797289e-09,-3.0002212270119344e-08,SZ
1632797026.000,scene-000251-49,Vehicle,38.193917025581875,37.675531800140185,-2.8045032300343777,-0.0018741400172991272,6.461057668078773,0.07819067691665307,88.49772093052096,-4.243755918764691e-05,5.506162203146687,SZ
1632797026.000,scene-000251-50,Vehicle,59.52803446775165,41.07460267206057,-7.339200791700899,-0.22418645188522618,8.469006009759703,-0.2895240108321582,91.49772128847013,-4.2421589114383096e-05,0.006161513769910698,SZ
1632797026.000,scene-000251-52,Vehicle,-8.878055437293373,61.54945582317317,1.9679920825137095e-15,2.0887721347655305e-14,1.246612724301304e-13,-3.9859017601802237e-13,328.3587791683404,1.6842059835653345e-07,-2.7476786357283345e-07,SZ
1632797026.000,scene-000251-54,Vehicle,-12.8636170764711,-43.56221739233903,-0.00015723619286105836,-0.005892651207571151,0.00012600165251748388,0.0047500102257988265,178.49981133975598,-4.6997996605568915e-09,4.3240646618869505e-09,SZ
1632797026.000,scene-000251-55,Vehicle,-12.849350148194278,-36.87079143857328,-0.42977924371378956,-0.051974598291698,2.9775979444105536,0.3600905797538487,178.49981134353132,2.5660256142145954e-09,6.930221729817276e-09,SZ
1632797026.000,scene-000251-56,Barrier,6.110183714169958,28.052021501314886,0.005473035302235961,0.003937416347843916,0.0001757233524708815,4.810504468363841e-05,195.3066739779514,4.235148765019403e-08,-2.0062752525973337e-07,SZ
1632797026.500,ego,AV,-0.00042154715280729414,-0.0007800931678654901,-0.0010076194360569529,0.0009795732401810492,0.014684322172728649,0.0007572367518043051,359.9997688996117,0.003488996549461963,0.0004956874113987394,SZ
1632797026.500,scene-000251-1,Pedestrian,-11.801340172418787,-24.721987884993023,-0.3283696018647376,1.373814794806423,0.8234774287101068,-3.4261982881972317,11.577315159063488,-1.7252246458332934,-2.7856166906035327,SZ
1632797026.500,scene-000251-2,Pedestrian,11.426187195173368,27.494380501499844,0.21368499082604167,0.6862645820654598,-0.4522134797165901,-2.24831935712176,347.01661299953275,-8.483198312639558,-1.983082142942294e-09,SZ
1632797026.500,scene-000251-3,Pedestrian,18.261645467997916,-15.733885574448815,1.4553483576480146,0.04532646247419626,0.291535002855289,1.395381465544851,270.3909702522079,3.6581948934226034,-8.774900163549754,SZ
1632797026.500,scene-000251-4,Vehicle,-3.4110854986409818,-54.00802878579752,0.13782061238896526,-7.087616276857365,0.019905390366936893,-0.814954543421468,181.49976890264088,0.004095728557047096,0.008276354470496017,SZ
1632797026.500,scene-000251-5,Vehicle,-3.0495525939884596,-41.89484747151751,0.19400349444976314,-7.106576175721357,-1.1328670722154257,2.9246627866574606,181.49976890264094,0.003488974970494496,3.0004956832935363,SZ
1632797026.500,scene-000251-6,Bicycle,-4.791357153388415,-32.6136510193245,0.7370529829638746,-7.118374031341706,-0.058276870912324696,0.10308021911403742,187.49976890240362,-5.996511021966995,-2.9995043163088155,SZ
1632797026.500,scene-000251-7,Vehicle,-6.8267394615252766,-37.49805736953712,1.6866134578731073e-14,5.263269746470359e-14,-3.8533509383416434e-14,1.001899214609298e-13,186.81493971141043,-1.4828529515398259e-08,-8.624127190159925e-09,SZ
1632797026.500,scene-000251-8,Vehicle,-14.27485360635508,-25.842510728428767,-0.06315044579061643,0.1620602260508007,1.4826897841415092,-0.35147033480602785,94.49825716702378,-4.7274649309078995,-5.996480842024596,SZ
1632797026.500,scene-000251-10,Vehicle,-13.790292740506855,-31.96727527793089,-0.0014475713631856338,0.0015282632906949071,0.034011278061946426,-0.005081669415279552,91.43483913514956,-0.0026402283657489534,0.008808878624250838,SZ
1632797026.500,scene-000251-11,Vehicle,-7.039514033743946,-43.88308498177785,0.07599144303981155,0.05861912728539727,0.6492274396739268,-0.4246989749793224,178.49224383085675,-0.0026403213342973686,0.008808822456970233,SZ
1632797026.500,scene-000251-13,Vehicle,-17.643405381379683,28.73454232949205,3.173783158873766,-0.12719714198558996,0.6824922313106114,0.14788004448362546,268.49940636598865,1.8032525529615286,9.338680431139007,SZ
1632797026.500,scene-000251-14,Vehicle,-25.282371316841097,22.160125376591708,-0.011709558501207605,0.008012144170757537,-0.05360387546861074,0.17195514978086257,268.49976889965893,0.0034889962129496244,0.0004956873473507262,SZ
1632797026.500,scene-000251-15,Vehicle,-23.18292743819514,18.512210961909286,0.0011430235762325332,0.0020015756611129446,0.003732005449439674,-0.01083288367981736,269.1318513994305,-0.002657418043198967,0.008815527149519053,SZ
1632797026.500,scene-000251-16,Vehicle,-22.892067416594003,14.919525164026673,0.0543382443777317,0.002774976529645946,-1.0337839519875933,-0.025812596525593423,270.8361416292749,-0.002640607326508282,0.008809283211319463,SZ
1632797026.500,scene-000251-17,Vehicle,-40.683658725276494,18.797317211594567,0.6516576074575507,0.07017942549250536,-2.439695601749215,0.6856582514970339,271.49355156040883,-4.239611630491978,0.008351659068381423,SZ
1632797026.500,scene-000251-18,Bicycle,5.35998800116165,27.749717064050156,-0.027610429551759637,0.2126423456946906,0.30209364067233,-0.8162779913482263,26.312577807451206,-0.10179528893334577,0.008925932657163571,SZ
1632797026.500,scene-000251-19,Vehicle,-4.8867200139686044,17.763606608475012,-1.1475563908997855,-4.826624730198989,2.584507501877831,2.592288886301244,160.99631369975782,12.005073004055461,-2.9987583906669357,SZ
1632797026.500,scene-000251-20,Bicycle,10.099056442024683,28.145044280864933,0.016956906087390252,0.14629321751232968,-0.061178588106831445,-1.4994432539095999,0.07289472692916377,0.7072526741262664,-10.40107665210192,SZ
1632797026.500,scene-000251-21,Vehicle,3.440092010140929,-17.409230612134063,1.6561912425297145,9.338972971830266,0.3203150217796198,-2.6164648810043047,345.9681075571844,-4.304696346595875,5.229983536205708,SZ
1632797026.500,scene-000251-22,Vehicle,-25.103432120289334,9.819539798874736,6.575106683783896,-2.025975027645752,-1.8600032968256208,-2.017000238303602,252.764728990194,-14.886193825470627,-2.1121369458509616,SZ
1632797026.500,scene-000251-23,Bicycle,2.0995510077691844,-68.51171139169531,0.648718376262554,10.58042639847372,-0.20693012860118065,0.8787989574625712,352.4997688968198,4.038675362561833,4.536878479038535,SZ
1632797026.500,scene-000251-24,Vehicle,25.713255758376032,31.236102856984587,-4.459378011319184,-0.018799273858092838,0.6495162466062219,0.23025145586122503,88.49940635757895,-2.996066351873367,0.000645201004658702,SZ
1632797026.500,scene-000251-25,Bicycle,15.078529540383192,-6.730846487807092,-4.591658608123502e-14,1.0948105767605495e-14,4.484757424759244e-14,-2.327483922933496e-15,222.11682263541314,-2.596264181420338e-08,2.612651428535173e-09,SZ
1632797026.500,scene-000251-26,Bicycle,15.686282989042006,-6.074699715888028,-4.7799499929092377e-14,8.755149141949299e-15,1.0335093652373242e-13,-1.797747624610679e-14,227.3224304694119,-3.258437430986305e-08,4.710187795353704e-10,SZ
1632797026.500,scene-000251-27,Bicycle,17.095033937770523,-4.806959479940238,-5.808094915183553e-14,7.428829570484337e-15,4.7902992761666024e-14,-1.1825967948514048e-14,226.8220880263407,-3.197589393266753e-08,6.816094355599489e-10,SZ
1632797026.500,scene-000251-28,Bicycle,14.350068365990282,-7.374521371907365,-4.181969389017069e-14,1.0546916862275276e-14,3.952627961917781e-14,-3.3118243653758917e-15,211.8644872355677,-1.1799230037468078e-08,6.297199206528603e-09,SZ
1632797026.500,scene-000251-29,Bicycle,16.202304253476242,-5.599211561664778,-3.930814867627353e-14,9.395916821802255e-15,1.4071131853481406e-13,-2.6224513317598218e-14,244.92795314303424,-4.820975618713419e-08,-6.886491377144921e-09,SZ
1632797026.500,scene-000251-30,Bicycle,17.003547884844327,-3.0730665365933993,-5.046208602047103e-14,5.604380408566487e-15,-1.7542980130746576e-15,5.2410603377026256e-15,275.39352647331737,-3.7553632203923826e-08,-1.331508769908396e-08,SZ
1632797026.500,scene-000251-31,Bicycle,20.790660717670885,-1.3435582884865023,-5.576208469620828e-14,3.086909333148997e-15,8.208753191853331e-14,7.091506004628846e-15,212.24200842505934,-7.273525426398919e-06,-6.932687234950663e-06,SZ
1632797026.500,scene-000251-32,Pedestrian,28.08892265487129,2.9135914524795745,1.2719987633600938,0.308143700750765,0.3318655632724088,-0.11126371227947018,285.53265108416235,-1.5391938220918533,1.1409300917709686,SZ
1632797026.500,scene-000251-33,Bicycle,19.536726906550964,-2.597124347820537,-4.3581814346064864e-14,5.685447406231145e-15,-3.193749352509647e-14,3.8860071347630735e-15,224.08734624635792,-3.1542739122869534e-06,-6.478265376586023e-06,SZ
1632797026.500,scene-000251-34,Bicycle,17.57687472381203,-4.446120973120188,-5.68546278038887e-14,6.28682290423524e-15,1.1434802811858971e-13,-3.564233374108523e-14,219.088417316969,-2.1875024458495318e-08,3.790503910749976e-09,SZ
1632797026.500,scene-000251-35,Bicycle,17.784864844745346,-4.03888858408667,-4.868987514148487e-14,7.354837559695094e-15,-1.2837237433614535e-14,6.6644347358548105e-15,228.64205100526226,-3.415603799794553e-08,-8.780887128523318e-11,SZ
1632797026.500,scene-000251-36,Bicycle,19.103549929200042,-3.0450096663377884,-6.622783372488112e-14,6.007407930468038e-15,3.9002378328413245e-14,1.0512226976008633e-14,203.25882845857052,-6.153300091682468e-11,8.52675441365136e-09,SZ
1632797026.500,scene-000251-37,Bicycle,18.459098657718762,-3.851111714804723,-5.651849164702646e-14,6.7109715795568266e-15,1.9702085803250868e-14,5.6760943160687435e-15,234.70895833914145,-4.0661483069470705e-08,-2.685560218651517e-09,SZ
1632797026.500,scene-000251-38,Bicycle,21.7315247413578,0.1581687967802752,-6.235156907495987e-14,1.016494436314145e-15,1.2977238148576573e-13,8.847131375897968e-15,245.31953187451637,-4.8399115826214256e-08,-7.036565108364812e-09,SZ
1632797026.500,scene-000251-39,Bicycle,22.83948042493441,1.181669741981806,-0.0032598454826750123,-0.0013325993703371011,1.088868480571964e-07,4.520164428867268e-08,246.5922080373291,0.6400000581627978,-2.1789858806187112e-08,SZ
1632797026.500,scene-000251-41,Bicycle,21.19582408027845,-0.6800764222380721,-4.8405511483656616e-14,2.166959468304403e-15,7.56129012751625e-16,9.031667372068155e-15,226.69842496332333,-3.1824420432258194e-08,7.33535898689297e-10,SZ
1632797026.500,scene-000251-42,Bicycle,24.659237540560234,1.433357573945759,-8.23873907285297e-14,-1.4509933912380463e-15,1.974671791760454e-14,1.0919404785848092e-14,318.2242995223518,-2.1451418064089012e-07,-8.990086541871278e-08,SZ
1632797026.500,scene-000251-45,Vehicle,13.755642480764314,-26.422677712488273,-4.4298974363547633e-14,3.537654204719222e-14,5.6247340495755016e-14,-1.7377440913132467e-13,88.00068399779076,-2.7265599555903464e-08,-6.402217422873946e-09,SZ
1632797026.500,scene-000251-46,Vehicle,-19.41126705822105,-26.173571421746022,5.888851919109099e-14,3.0143931921339956e-14,1.5848090000190898e-14,-4.9446911638813415e-14,92.80373821870137,-9.977455306398042e-08,-2.45850912961032e-08,SZ
1632797026.500,scene-000251-47,Vehicle,-26.681767196885108,-25.996903237622806,8.540497320322743e-14,4.458071948681058e-14,-1.0860997910016543e-13,-9.681033623662988e-14,88.50068399793446,-2.768464923974534e-08,-6.728157586621819e-09,SZ
1632797026.500,scene-000251-48,Vehicle,18.84516773550387,38.149561919103526,-4.572528835876779e-14,-4.971890916181802e-14,1.2362162846013064e-13,2.4309798132989986e-13,91.49772104457702,1.8822277070285054e-08,-7.287439984793309e-09,SZ
1632797026.500,scene-000251-49,Vehicle,37.21335981534408,37.679992378851914,-1.889601218377725,0.010964083075809662,-2.801449621452159,-0.026837784544217924,88.49976891269449,3.0034890953085096,3.000495665069792,SZ
1632797026.500,scene-000251-50,Vehicle,56.575064037436796,40.96621040601784,-5.156672500927266,-0.12959968977791678,0.2611071533348337,0.6678710592613956,91.49976892961433,0.003488768643308049,0.0004956228708579147,SZ
1632797026.500,scene-000251-51,Vehicle,-4.669655731910264,55.219871883155776,2.970407994109219e-14,-6.83889573338006e-14,-4.360263276633995e-14,1.207118841990955e-13,178.499799455752,-1.116997907502082e-07,1.556503264055209e-07,SZ
1632797026.500,scene-000251-54,Vehicle,-12.863686601181533,-43.5648209154825,-0.00013417629000645267,-0.00502333900213013,-3.376204109906112e-05,-0.001272761404034737,178.49981134663062,-7.816993274900597e-09,-2.8900473125759163e-09,SZ
1632797026.500,scene-000251-55,Vehicle,-12.84935014819426,-36.87079143857326,0.1151590013250473,0.013926551645061718,-0.7978449642552065,-0.09648598000680988,178.4998113538965,-1.4355236999108456e-09,-3.3523974707350135e-09,SZ
1632797026.500,scene-000251-56,Barrier,6.112932881090689,28.053993671261686,0.005505000081797122,0.0039461607239415645,-4.7864234226244196e-05,-1.312754029303767e-05,195.30667395633145,-1.2298872320570808e-07,-8.31469435524923e-08,SZ
1632797027.000,ego,AV,4.244214208938736e-05,-0.0003687722988262677,0.0011280940983118327,0.0003194695459221596,-0.006141468035253506,-0.003397651528839864,0.0012100062351279547,0.0004532359873196353,-0.004635454843052021,SZ
1632797027.000,scene-000251-1,Pedestrian,-11.89294440492562,-24.221017608571046,-0.09875554848905295,1.1147416409683264,0.09497878479263161,2.389905672844842,8.339266428709024,-0.8059489767404813,-4.041441636839394,SZ
1632797027.000,scene-000251-2,Pedestrian,11.494517883077346,27.667033000760828,0.09566751570093622,0.22546567071542392,-0.019856420783831596,0.4051237117216172,342.77501380324685,-8.483198353213993,-2.2754335304853157e-08,SZ
1632797027.000,scene-000251-3,Pedestrian,18.999008133498116,-15.667730487533984,1.4405955269913477,-0.042567769845618865,-0.3505463254819583,-1.7469583948241119,269.04696671198644,-1.6819141925457046,-5.3068052472792,SZ
1632797027.000,scene-000251-5,Vehicle,-3.0385751486488077,-45.23031013811249,-0.038925548807758836,-6.530789344791563,0.20115089918533774,-0.6215154629382909,181.50121001333287,0.00045323462661883696,-0.004635408929800633,SZ
1632797027.000,scene-000251-6,Bicycle,-4.433954893935698,-36.15387341201777,0.6848768085166372,-7.030356348254696,-0.15042782687662548,0.24899051323399846,184.5012100130526,-2.9995467652020125,5.995364587046879,SZ
1632797027.000,scene-000251-7,Vehicle,-6.826739461525273,-37.498057369537094,-2.7826097388050316e-15,4.0217381287784425e-14,-4.006146788672799e-14,-1.498511861686065e-13,186.8149396896511,-4.076028403687815e-09,3.078447718962707e-08,SZ
1632797027.000,scene-000251-8,Vehicle,-14.250875610120392,-25.82938407274546,-0.1005035770460165,-0.15749293430024472,-1.6321023091631095,-0.9267423065981536,86.77025615794517,-2.998035026818684,9.457272407677124,SZ
1632797027.000,scene-000251-10,Vehicle,-13.788739191446485,-31.967164323743745,0.0037136175731045076,-0.0011203841046911577,-0.013366522316785855,-0.005512920166264709,91.43608007985898,0.002668528356736033,0.0031463800277435894,SZ
1632797027.000,scene-000251-11,Vehicle,-6.984637790382666,-43.884225066266694,0.014967714169573496,-0.017904017759037626,-0.8933223551548791,0.11860639480158282,178.49348453634724,0.002668631050624981,0.003146802667686188,SZ
1632797027.000,scene-000251-14,Vehicle,-25.287984247298404,22.160540345617292,0.003142503125726312,-0.05652326163322459,0.1130121219763464,-0.4300967729967912,268.5012100063458,0.00045323596609136985,2.9953645448926345,SZ
1632797027.000,scene-000251-15,Vehicle,-23.182489443760485,18.51210927039451,-0.0005910819068931318,-0.0019050794909223068,-0.010668427381942337,-0.004793736928323647,269.13307981511105,0.002670891138263909,-1.7457713205352232,SZ
1632797027.000,scene-000251-16,Vehicle,-22.891549613831607,14.919434413766972,0.1528763158158082,0.00035869451389673203,1.4279362377398996,0.016147468462596563,270.83738226789757,0.0026688478653937864,0.0031473117524815075,SZ
1632797027.000,scene-000251-17,Vehicle,-40.50750946195646,18.888584454396238,0.3635042654424109,0.235830042950754,1.2870822336886545,-0.0230557816640391,267.2581093787465,0.0020918684458024472,8.47593584299954,SZ
1632797027.000,scene-000251-18,Bicycle,5.381764475722619,27.782256949368502,0.110356296301252,-0.025975881642245565,0.24977326273971662,-0.13819491799951827,26.264243282668005,-0.09633012634856186,-5.660322533685985,SZ
1632797027.000,scene-000251-19,Vehicle,-5.221484728426329,15.525275338054852,-0.35960238041623593,-4.424810383698292,0.5673085400563664,-0.9850315002984544,166.49881584075624,9.502465287110212,-3.5046775955774905,SZ
1632797027.000,scene-000251-20,Bicycle,10.101104741634757,28.10484495524365,-0.006329367487629174,-0.15892157527496362,-0.031966506193246265,0.2785840827604269,356.2046669807118,-5.845286862011633,-2.500360018137741,SZ
1632797027.000,scene-000251-21,Vehicle,4.34630330255353,-12.948113769066955,2.04480651397127,8.742871334993193,1.2341460639866018,0.23205833365601336,348.19302463665963,-1.301720257384659,4.265659058255181,SZ
1632797027.000,scene-000251-22,Vehicle,-22.034226688524388,8.664386324809204,5.7300200472282885,-2.3747207295257873,-1.5203432493968023,0.6220174307834583,247.61152718645224,-10.30607055487425,4.577929090756527,SZ
1632797027.000,scene-000251-23,Bicycle,2.350279348902876,-63.10544394629242,0.2586658264273366,11.057052136104293,-1.3532800707396888,1.0277039930597311,358.5012099991373,3.000453237176586,-1.0398218464519715,SZ
1632797027.000,scene-000251-24,Vehicle,23.593017368437614,31.27045226722712,-3.9650533786436957,0.18613214520608287,1.327782284095738,0.589474220395478,85.50137375560155,0.0005181137395879887,5.9944427269481935,SZ
1632797027.000,scene-000251-25,Bicycle,15.078529540383183,-6.730846487807089,2.7330573418564415e-14,1.9415183253898424e-18,2.481410637516053e-13,-4.145717307418692e-14,222.11682262743062,2.507569263343612e-09,2.5099794243033102e-08,SZ
1632797027.000,scene-000251-26,Bicycle,15.686282989041999,-6.074699715888026,2.7128701581645637e-14,-2.357788185970397e-15,1.9636186951921958e-13,-2.6474273065571987e-14,227.32243046152098,1.2077805422450183e-09,3.856457198025964e-08,SZ
1632797027.000,scene-000251-27,Bicycle,17.09503393777051,-4.806959479940236,1.892102182204254e-14,-1.24302611743866e-15,2.601048911338463e-13,-2.2861454803177945e-14,226.82208801842665,1.33611166575065e-09,3.728595032725934e-08,SZ
1632797027.000,scene-000251-28,Bicycle,14.350068365990273,-7.3745213719073615,2.0467112693539418e-14,1.050404439596426e-15,2.0962094671566265e-13,-3.467422532533951e-14,211.86448722838404,4.715964507795434e-09,-9.541238910060201e-10,SZ
1632797027.000,scene-000251-29,Bicycle,16.20230425347624,-5.599211561664776,2.2122185646040547e-14,-1.577564277803453e-15,1.0501001875444228e-13,-1.766941108082462e-14,244.92795313770333,-3.3608245075811283e-09,7.70640014025048e-08,SZ
1632797027.000,scene-000251-30,Bicycle,17.003547884844313,-3.0730665365933976,1.6097618252998703e-14,-1.8608848651571276e-15,2.6799311510695364e-13,-3.510212143259708e-14,275.3935264768058,-7.866759688113234e-09,8.25466335285796e-08,SZ
1632797027.000,scene-000251-31,Bicycle,20.790660717670875,-1.3435582884865014,2.7053440194374218e-14,-2.6176246492544543e-15,2.4917456764379674e-13,-2.990964193424266e-14,212.24200193022307,-4.562372104999213e-06,1.8835351816903767e-05,SZ
1632797027.000,scene-000251-32,Pedestrian,28.749015084990305,3.060672188949127,1.3335906631757988,0.2940129453856515,-0.08549796400958698,0.054740690819016,284.76305418863876,-1.5391938136220915,5.64490107990423e-08,SZ
1632797027.000,scene-000251-33,Bicycle,19.53672690655095,-2.597124347820535,9.88287378219182e-15,-1.6842555597515556e-15,2.4579624603812317e-13,-3.336481899869388e-14,224.0873413669677,-4.6324036802047885e-06,1.1422434099017664e-05,SZ
1632797027.000,scene-000251-34,Bicycle,17.57687472381202,-4.446120973120188,2.1173402359720963e-14,-3.663062373199172e-15,1.9776409253584898e-13,-4.15720736865242e-15,219.0884173090869,3.217458299786813e-09,1.722503384371521e-08,SZ
1632797027.000,scene-000251-35,Bicycle,17.784864844745332,-4.038888584086667,1.5323931350161352e-14,-3.8857224875163665e-16,2.688924634001995e-13,-3.763807396964173e-14,228.64205099744672,8.666845019433822e-10,4.191124247654443e-08,SZ
1632797027.000,scene-000251-36,Bicycle,19.103549929200025,-3.045009666337786,1.6123662503643905e-14,-1.3201963094363562e-15,2.904036065856869e-13,-3.982264393562621e-14,203.25882845302925,6.0304614635242615e-09,-1.9918971361221338e-08,SZ
1632797027.000,scene-000251-37,Bicycle,18.459098657718748,-3.8511117148047207,2.284633355202818e-14,-1.5182904426289602e-15,2.9775721499296767e-13,-3.859314240481189e-14,234.708958331931,-7.301181881302909e-10,5.660113089334118e-08,SZ
1632797027.000,scene-000251-38,Bicycle,21.731524741357788,0.1581687967802753,2.831119656006929e-14,-3.745171355521461e-15,2.3287868105435094e-13,-2.789379454324039e-14,245.31953186927598,-3.4562326334253157e-09,7.770449883537367e-08,SZ
1632797027.000,scene-000251-39,Bicycle,22.83785051005132,1.1810034455587843,-0.003259825554899659,-0.0013325910978673064,-2.9175746643281264e-08,-1.2111765108208106e-08,246.9122080679819,0.640000037429953,1.0036824704684477e-08,SZ
1632797027.000,scene-000251-41,Bicycle,21.195824080278435,-0.6800764222380715,1.13568624229133e-14,-3.2611667057503754e-15,2.3829336661352805e-13,-3.074417206828727e-14,226.69842495540402,1.3677450283466897e-09,3.696914063766599e-08,SZ
1632797027.000,scene-000251-42,Bicycle,24.659237540560213,1.4333575739457582,3.194040954084023e-14,-3.8246673026364934e-15,4.375644831598752e-13,-2.0414100431441877e-14,318.22429939517656,-4.447678492169871e-08,4.639883286472468e-07,SZ
1632797027.000,scene-000251-45,Vehicle,13.755642480764307,-26.42267771248827,3.19035494575505e-14,-5.993199738750271e-15,2.485627547886375e-13,8.29544198755469e-15,88.00068397128405,-3.1107276754482882e-09,3.906765755345987e-08,SZ
1632797027.000,scene-000251-46,Vehicle,-19.411267058221032,-26.17357142174601,-1.5157650518214674e-14,1.6022710285432458e-14,-3.120327688374136e-13,-7.037974904816554e-15,92.8037382326267,-1.1524974752319395e-08,2.1215512902017508e-07,SZ
1632797027.000,scene-000251-47,Vehicle,-26.68176719688509,-25.996903237622792,-3.707604126739848e-14,2.0306273376748337e-14,-3.8131407878233823e-13,-2.8744820361910756e-16,88.50068397101532,-3.2765115065558348e-09,4.033628897559538e-08,SZ
1632797027.000,scene-000251-48,Vehicle,18.845167735503864,38.14956191910352,1.7912605456896906e-14,-3.969241154444942e-15,1.309299468025282e-13,-6.009930930040757e-14,91.49772110767532,-1.0413685913590598e-08,-5.831680027768016e-09,SZ
1632797027.000,scene-000251-49,Vehicle,35.66999930800853,37.67100487137809,-4.780598201894807,-0.06914376485852042,-8.762538312616176,-0.29359360719310246,91.50121002582944,3.0004532275106044,-6.004635659969381,SZ
1632797027.000,scene-000251-50,Vehicle,54.03998243196755,40.93686859700014,-4.9624214192946425,-0.08381923936568071,0.515897173195647,-0.484749257612451,91.50121005711344,0.0004532012817435316,-0.00463497607103136,SZ
1632797027.000,scene-000251-51,Vehicle,-4.669655731910258,55.219871883155754,-1.6533078581394884e-14,-2.1297748818990703e-14,-1.413460013236084e-13,6.765294986014412e-14,178.4997993929981,-2.4601462200735114e-08,2.1452629539453483e-07,SZ
1632797027.000,scene-000251-52,Vehicle,-8.878055437293357,61.549455823173105,-1.8304985716285866e-14,-3.43268933415265e-14,-1.6520722802772956e-13,2.8816094663965873e-13,328.3587787972268,7.35804661644579e-08,4.3270295672452147e-07,SZ
1632797027.000,scene-000251-54,Vehicle,-12.863756125891978,-43.56742443862597,-0.0001403551723861348,-0.0052562705055537815,9.046511580332425e-06,0.0003410353903401178,178.499811331939,-7.589846973132808e-09,6.416030373657122e-09,SZ
1632797027.000,scene-000251-55,Vehicle,-12.849350148194254,-36.87079143857325,-0.03085676158626103,-0.0037316082883783316,0.21378191260997303,0.02585334027304968,178.49981134209577,-7.863718565204181e-10,9.114785370911704e-09,SZ
1632797027.000,scene-000251-56,Barrier,6.1156820480114265,28.055965841208494,0.005496967419386385,0.003943980118033069,1.573358458328844e-05,4.405116659070285e-06,195.30667385496264,-4.079545590229827e-08,3.069886247430986e-07,SZ
1632797027.500,ego,AV,4.785661023151375e-05,-0.0005663620236433251,-0.0006883343789575306,-0.0009750645585366973,-0.001124245873823948,-0.0017804848889955635,0.0002221355990329468,-0.001146458293590058,-0.0008316888616492176,SZ
1632797027.500,scene-000251-1,Pedestrian,-11.971779742403731,-23.55924618781462,-0.299245624088718,1.143668824390698,-0.896939087191291,-2.2741969391553587,10.771366182323007,-5.766666282672688,-10.560574422679721,SZ
1632797027.500,scene-000251-2,Pedestrian,11.544506023380245,27.820484432431005,0.11355791561147943,0.36849632065981214,0.09141802042600433,0.1669988880559352,338.53341464631876,-8.483198335393894,5.4857142840427855,SZ
1632797027.500,scene-000251-3,Pedestrian,19.702527173921755,-15.75785479015776,1.4275597699296312,-0.018870677345391135,0.2984032972350956,1.8417467648250225,268.7090560596622,-1.648610353856597,2.001320988467583,SZ
1632797027.500,scene-000251-5,Vehicle,-3.038086704594172,-48.534341928518266,0.030494037146996538,-6.60723318711694,0.07652744463368372,0.3157400936367907,181.50022213726754,-0.0011464339593061368,-0.0008316720978740477,SZ
1632797027.500,scene-000251-6,Bicycle,-4.116998362033854,-39.663679947144644,0.5695925310969441,-7.060374142560372,-0.31070928280214893,-0.36906169045668236,184.5002221372016,-0.001146434920116235,5.999168326459369,SZ
1632797027.500,scene-000251-7,Vehicle,-6.8267394615252766,-37.49805736953709,-5.735695623510946e-15,-3.3940188781121574e-16,2.824912434790434e-14,-1.237594653377611e-14,186.81493970733442,1.595594767422881e-08,2.5383940283063566e-08,SZ
1632797027.500,scene-000251-8,Vehicle,-14.384414052600615,-25.940295598798848,-0.1921979234985266,-0.11879771107030648,1.2653249233530695,1.0815231995179069,91.5002221402051,4.729807476769224,2.9976566164670544,SZ
1632797027.500,scene-000251-10,Vehicle,-13.78833112792412,-31.96797329925456,-0.00163722343282589,-0.0012348548139384558,-0.008036841706935735,0.005055037329275517,91.43750766350632,0.000506151661994636,-0.0005784346334110069,SZ
1632797027.500,scene-000251-11,Vehicle,-7.0313480948635725,-43.88361557608509,-0.08686666643586499,0.009813377907295886,0.4859848327331251,-0.0077368121362488135,178.4949124619074,0.0005064813333888196,-0.0005784115154199299,SZ
1632797027.500,scene-000251-14,Vehicle,-25.28164474317448,22.17132444816798,0.0034989879980129703,0.28527533181977005,-0.11158618248719959,1.797291146808771,268.500222135625,2.998853541105584,4.529619219776958,SZ
1632797027.500,scene-000251-15,Vehicle,-23.183273865466877,18.51108530364812,-0.0008572595790796995,-0.0011352072644227572,0.009603716693196068,0.007873225834321849,269.1345222905688,-1.748428738578422,-2.7707548424382065,SZ
1632797027.500,scene-000251-16,Vehicle,-22.75331119327675,14.920444853088068,0.16669383226254553,0.001308379783132805,-1.37266617195295,-0.012348727385652278,270.8388104771403,0.0005067044259732256,-0.003859564459343545,SZ
1632797027.500,scene-000251-17,Vehicle,-40.25623976390536,18.934690480575856,0.4588390989995946,-0.1892599834077875,-0.9057428994599215,-1.6773043237701266,271.4956434288546,4.236324212507563,-0.0005785099321400367,SZ
1632797027.500,scene-000251-18,Bicycle,5.46004824020285,27.76379638318628,0.18654667859395285,-0.02426290430897278,0.05498826643108673,0.14504682733260948,26.216247681102644,-5.762117822619331,-0.0005795143056559482,SZ
1632797027.500,scene-000251-19,Vehicle,-5.369631064890206,13.203507432859578,-0.31150039296488097,-4.834728788700452,-0.3749005902509459,-0.6546421197101786,170.49877898686805,8.50039540847797,-1.1854609256980524,SZ
1632797027.500,scene-000251-20,Bicycle,10.10399836247285,28.104372656678915,0.038012086552134394,0.24536333847141606,0.20933232235230048,1.3385555722250913,354.22760786491756,-1.7931073440114744,7.073374063672915,SZ
1632797027.500,scene-000251-21,Vehicle,5.42551548861844,-8.772565962569265,2.077123572450271,7.5095295855857485,-1.1048778300706008,-5.165425331285807,344.66638729979974,-0.039037288340693976,-4.782011879924937,SZ
1632797027.500,scene-000251-22,Vehicle,-19.329815588000322,7.471277333636727,5.146512321037019,-2.5647168456791523,-0.8136876553682768,-1.3820018953969182,242.4586584353197,-10.308264734714093,-0.0007820486045204689,SZ
1632797027.500,scene-000251-23,Bicycle,2.375781465326501,-57.63611593646532,-0.025998936628001724,10.44493778848905,0.21462101851833565,-3.47616138352069,355.5002221339964,2.998853516109861,-0.0008317055198432399,SZ
1632797027.500,scene-000251-24,Vehicle,21.70509846513923,31.373582515506936,-3.7293522335268503,0.09914864416785268,-0.3849777036283424,-0.9374082245483988,88.49992447131854,2.9983763750748267,-0.0011004615853380528,SZ
1632797027.500,scene-000251-25,Bicycle,15.078529540383204,-6.73084648780709,1.120127966178788e-14,-2.9773080450555166e-16,-3.1265823877871146e-13,4.0258483782863157e-14,222.1168226379207,-8.628404657429201e-10,3.3646657016106474e-08,SZ
1632797027.500,scene-000251-26,Bicycle,15.686282989042018,-6.074699715888028,1.3891680857320358e-14,6.760036019322883e-16,-2.493099524165207e-13,3.8609440217182734e-14,227.32243047061968,5.980197670396592e-09,3.4068420973198954e-08,SZ
1632797027.500,scene-000251-27,Bicycle,17.09503393777053,-4.806959479940237,2.5029426009271382e-14,2.872345417471055e-15,-2.3567127438493096e-13,3.9322940942816796e-14,226.82208802767684,5.310056394591811e-09,3.406466930755414e-08,SZ
1632797027.500,scene-000251-28,Bicycle,14.35006836599029,-7.374521371907362,1.3241948298020526e-14,1.2386769339412741e-15,-2.3852160429773824e-13,3.54273153027189e-14,211.86448724028367,-1.2753353928474098e-08,3.051317776225915e-08,SZ
1632797027.500,scene-000251-29,Bicycle,16.202304253476253,-5.599211561664777,1.4768252310520358e-14,2.2434108076123095e-15,-1.3442575209652302e-13,3.2953311422487665e-14,244.92795313967343,2.885424521537061e-08,2.907822249653691e-08,SZ
1632797027.500,scene-000251-30,Bicycle,17.003547884844334,-3.0730665365934,2.870417715408222e-14,-8.25376207038352e-16,-2.1756687950261965e-13,3.924415606507219e-14,275.3935264654506,4.499300132465578e-08,1.4624674804508686e-09,SZ
1632797027.500,scene-000251-31,Bicycle,20.790660717670896,-1.3435582884865036,1.1497170137120413e-14,-6.100165134323051e-16,-3.11399647872812e-13,3.794007447753125e-14,212.24200386268723,1.1561826390504848e-05,8.222573839589131e-07,SZ
1632797027.500,scene-000251-32,Pedestrian,29.409096641862995,3.2077473787527633,1.3146825058869396,0.2807400753457616,0.009865334854148422,-0.10783217097857634,283.99345727054026,-1.5391937656428354,-4.65890082068654e-09,SZ
1632797027.500,scene-000251-33,Bicycle,19.536726906550967,-2.5971243478205372,2.5366601290100594e-14,-1.612960426325298e-15,-1.838613360064881e-13,3.3649999532398906e-14,224.08734161395424,8.268160186730711e-06,-1.7093090320940973e-06,SZ
1632797027.500,scene-000251-34,Bicycle,17.576874723812036,-4.4461209731201885,1.4793582510610852e-14,3.0363560703606978e-15,-2.2328337193228944e-13,3.0954881142891906e-14,219.08841732018647,-4.6499906147801084e-09,3.302361051282787e-08,SZ
1632797027.500,scene-000251-35,Bicycle,17.784864844745353,-4.038888584086669,3.002671388644546e-14,-4.714780464877974e-16,-2.1008133325506302e-13,3.7306450778697085e-14,228.64205100612895,7.755204478598898e-09,3.404022663744399e-08,SZ
1632797027.500,scene-000251-36,Bicycle,19.103549929200046,-3.0450096663377884,2.3049465783108502e-14,-7.266226927226134e-16,-2.627003934678285e-13,4.219693840248119e-14,203.25882846460098,-1.9980504362138163e-08,2.594389059140667e-08,SZ
1632797027.500,scene-000251-37,Bicycle,18.459098657718773,-3.851111714804723,2.9082003657322754e-14,-6.378098090409854e-16,-2.7281453457178944e-13,4.211506493916379e-14,234.70895833841132,1.5939647823870473e-08,3.318714192346306e-08,SZ
1632797027.500,scene-000251-38,Bicycle,21.73152474135781,0.1581687967802728,1.3055629053091713e-14,-5.242194855865931e-16,-2.9390095108226126e-13,4.077760202297987e-14,245.31953187106015,2.9305383009159414e-08,2.8856280920308564e-08,SZ
1632797027.500,scene-000251-39,Bicycle,22.83622059516828,1.1803371491357606,-0.0032598308945032623,-0.001332593314466537,7.817332229459462e-09,3.245368185994524e-09,247.23220807475906,0.6400000681996225,-9.445827231502335e-09,SZ
1632797027.500,scene-000251-41,Bicycle,21.195824080278452,-0.680076422238074,2.4294343864806416e-14,-4.465674964794982e-16,-1.8654344084595562e-13,4.200256890537077e-14,226.69842496469107,5.144727310835151e-09,3.406250925763743e-08,SZ
1632797027.500,scene-000251-42,Bicycle,24.659237540560248,1.433357573945756,3.98908808563808e-14,-5.698165823684222e-16,-4.057625978977129e-13,3.343350331251416e-14,318.22429947787504,2.494741480063567e-07,8.058298561763877e-08,SZ
1632797027.500,scene-000251-45,Vehicle,13.75564248076433,-26.42267771248827,1.260804586095916e-14,9.91253898061187e-15,-3.2574476917500287e-13,5.532751288989387e-14,88.00068399468003,1.1802057997556403e-08,-1.110819880523195e-08,SZ
1632797027.500,scene-000251-46,Vehicle,-19.411267058221053,-26.173571421746004,-1.9574199191035297e-14,1.2346637300945234e-14,2.943665741461311e-13,-7.666317033132367e-15,92.80373820717637,1.1238057595619466e-07,5.043850137553818e-08,SZ
1632797027.500,scene-000251-47,Vehicle,-26.681767196885122,-25.996903237622785,-2.236593642484553e-14,2.091879443014113e-15,4.401544981525501e-13,-7.257012753131781e-14,88.50068399465795,1.265163973585004e-08,-1.1290268275843118e-08,SZ
1632797027.500,scene-000251-48,Vehicle,18.84516773550388,38.14956191910351,1.670743067678617e-14,-1.9669254511614236e-14,-1.3575064592297108e-13,-2.700744128269587e-15,91.4977210341633,1.2990597042517038e-08,-1.9162001763106673e-08,SZ
1632797027.500,scene-000251-49,Vehicle,32.96600070972922,37.62038377531475,-4.472160607732175,-0.09204064486471274,9.996288689266695,0.20200608716833324,91.5002221402051,-3.0011465646608713,-6.000831732119707,SZ
1632797027.500,scene-000251-50,Vehicle,51.6321766628003,40.88826134636773,-4.650966069713151,-0.0028177106600151525,0.7299242251303255,0.8087553724351133,91.50022213089608,-0.0011462074277233114,-0.0008316184794239234,SZ
1632797027.500,scene-000251-51,Vehicle,-4.669655731910271,55.21987188315575,-6.2043297611186565e-15,-1.695030397266064e-14,1.826609966047133e-13,-5.0263170474823913e-14,178.4997994311505,1.0282650464432663e-07,4.68056953195628e-08,SZ
1632797027.500,scene-000251-52,Vehicle,-8.878055437293371,61.549455823173105,-7.3533498517079e-15,-3.386449976861683e-15,2.0901377148604143e-13,-1.6439917318099945e-13,328.3587789451906,4.218177167558679e-07,-6.497756999124249e-09,SZ
1632797027.500,scene-000251-53,Vehicle,-12.484528456585116,56.82877979224632,2.0230931479532596e-14,-4.419914604655648e-14,4.94780211622397e-14,2.1098975110682506e-14,136.49897275477252,-4.3160386553608987e-07,4.952366857554782e-07,SZ
1632797027.500,scene-000251-54,Vehicle,-12.863825650602433,-43.57002796176945,-0.0001386995458499097,-0.005193856697342825,-2.424005435432055e-06,-9.138015749629233e-05,178.49981133904078,-1.4009629012434743e-09,1.680848527030321e-08,SZ
1632797027.500,scene-000251-55,Vehicle,-12.849350148194263,-36.87079143857323,0.008268045019975506,0.0009998815086221411,-0.0572826861850269,-0.00692738108504779,178.49981135311012,7.679261671000859e-09,1.7207995028911682e-08,SZ
1632797027.500,scene-000251-56,Barrier,6.118431214932168,28.057938011155315,0.005497133289532123,0.003943958165697296,-1.5070104000338563e-05,-4.492926002169079e-06,195.30667391553598,1.8399990153739054e-07,6.091188708978734e-08,SZ
1632797028.000,ego,AV,-0.0002042629609721715,-0.0007932356045351875,0.00014501279914893675,0.001034008853971111,0.004457634586249817,0.009816778539026794,6.354794153549674e-05,-0.0003784528743295823,5.559851263114979e-05,SZ
1632797028.000,scene-000251-1,Pedestrian,-12.110186304279972,-23.079095510291307,-0.007713351282189237,1.1621156511473167,2.0630681784174065,2.3479842461818334,2.5726001460363364,-11.366523399420203,-0.42922464632455615,SZ
1632797028.000,scene-000251-2,Pedestrian,11.594494163683132,27.97393586410119,0.049958505487859434,0.14196622668749886,-0.3458156609204843,-1.0731192639451885,334.2918154678529,-2.9974840691712075,10.971428705488691,SZ
1632797028.000,scene-000251-3,Pedestrian,20.40463504727082,-15.699406340158037,1.282926875926348,-0.07200463651713482,-0.8769348732482269,-2.0542826015119977,267.39835635812983,0.3194067959218785,7.966792722863201,SZ
1632797028.000,scene-000251-5,Vehicle,-3.0070840163985086,-51.78207194967591,0.10589619372156724,-6.350848776121179,0.22508118166459917,0.7097975503462521,181.50006357937357,-0.00037843747125521077,2.4066257123419916,SZ
1632797028.000,scene-000251-6,Bicycle,-3.8789867035981924,-43.187123283955,0.3665622091206195,-6.9276463131272425,-0.5014120051031503,0.8999730081892068,184.50006357813248,2.9996215612573565,3.0000556228108195,SZ
1632797028.000,scene-000251-7,Vehicle,-6.82673946152528,-37.4980573695371,-1.69071719127572e-14,-8.149233788214557e-14,-7.293502950488934e-14,-3.122357974435613e-13,186.81493970560706,2.130791187937575e-08,2.1614978606976365e-07,SZ
1632797028.000,scene-000251-8,Vehicle,-14.388452087413723,-25.9286601297488,0.04383640728013556,0.037027436561428116,-0.32118760023842075,-0.4582226089909684,91.50006363471437,-0.0003784103516295545,-4.730898190102209,SZ
1632797028.000,scene-000251-10,Vehicle,-13.788837920494625,-31.96810597745296,0.002242901869356318,0.00040988110515060986,0.023557342915664567,0.001523906347080745,91.436586231521,0.002090093723325026,0.0012780109720722521,SZ
1632797028.000,scene-000251-11,Vehicle,-7.038534898810718,-43.87897967704229,0.009116301005577417,0.01012284147628999,-0.1020529629673555,0.008974666412225218,178.49399101768066,0.002090219535205051,0.001276715723236066,SZ
1632797028.000,scene-000251-14,Vehicle,-25.304114594121444,22.426740414949265,-0.1139205360560185,0.5126223503459797,-0.35809191372892635,-0.8879030727039317,271.50006354745136,4.530072455743049,2.668167742740093,SZ
1632797028.000,scene-000251-15,Vehicle,-23.182989831698013,18.511095808088125,0.0010177925980436521,0.0003651347103000434,-0.002103507984702659,-0.0018718579354306442,267.3846510765326,-2.7680839512999427,-1.1639907297620873,SZ
1632797028.000,scene-000251-16,Vehicle,-22.769278146118957,14.920216310680239,-0.08602283859008791,-0.0009008321668251548,0.3617994885424163,0.003511879585820436,270.8378889723235,-0.0011907165939497588,-0.002557199452351,SZ
1632797028.000,scene-000251-17,Vehicle,-40.081252548507145,18.77791771461357,0.35868081925510015,-0.14279054801561838,0.5051097804819473,1.8631820653388038,271.49443359125405,0.0015133585136624106,-4.231583840572798,SZ
1632797028.000,scene-000251-18,Bicycle,5.509382933019643,27.747613570634016,-0.09083226689491784,-0.08483277352878184,-1.1645040483865694,-0.38732630421184594,20.502125460048674,-0.09690964065421781,11.328611755384642,SZ
1632797028.000,scene-000251-19,Vehicle,-5.513972038856737,10.647907752077304,-0.14931991030668829,-5.500479977365195,1.0236225208837166,-2.0083626349487886,174.9992112492342,8.31700436141216,-6.000188921362792,SZ
1632797028.000,scene-000251-20,Bicycle,10.145010655676145,28.27742071075158,0.11771650552742491,0.21292275443689102,0.10948535354886146,-1.4683179083631916,354.4115596367003,1.2280872016612818,5.299509224988412,SZ
1632797028.000,scene-000251-21,Vehicle,6.409932294589579,-5.358584166028996,2.0284731484439424,6.756187940891569,0.9102761340452865,2.152058752509099,348.15398734831894,-6.083732137309596,-16.61597742799387,SZ
1632797028.000,scene-000251-22,Vehicle,-16.96945123114328,6.102756556941362,4.072583412910275,-2.736190494964657,-3.4820279771387064,0.6961072982548995,237.30326245173816,-10.30685260347878,1.712648042811514,SZ
1632797028.000,scene-000251-23,Bicycle,2.350700224334483,-52.627266627762715,-0.15214482732568863,10.032260621117722,-0.7192045813090828,1.8254527140353787,1.500063515247163,2.999621531656743,-5.999944427675956,SZ
1632797028.000,scene-000251-24,Vehicle,19.75922467405456,31.38363588317496,-4.120293853547225,0.09637497380954435,-1.1787887764531568,0.926313543115165,88.4997501306764,-0.0005823478457500642,-2.9995989244256975,SZ
1632797028.000,scene-000251-25,Bicycle,15.078529540383188,-6.730846487807089,-4.016126895651142e-14,1.1889816996968166e-15,1.0720804430551427e-13,-3.431163376605368e-14,222.1168226265678,3.6154226279450086e-08,-2.0737658701364126e-08,SZ
1632797028.000,scene-000251-26,Bicycle,15.686282989042006,-6.074699715888025,-4.006286086532105e-14,4.982844296441995e-15,3.349178552595524e-14,-2.1382077439143913e-14,227.3224304675012,3.527620862087133e-08,-6.286855125381408e-08,SZ
1632797028.000,scene-000251-27,Bicycle,17.095033937770523,-4.806959479940233,-3.3773597567916036e-14,5.740856002156697e-15,4.591800761812708e-16,-2.7848898604074232e-14,226.8220880237367,3.540078097330479e-08,-5.8907907884986344e-08,SZ
1632797028.000,scene-000251-28,Bicycle,14.350068365990278,-7.374521371907361,-4.1460482776417005e-14,-6.760416571607707e-16,1.9711879999988124e-14,-4.3086189667127084e-14,211.86448721563067,3.522914227005458e-08,6.442675726248126e-08,SZ
1632797028.000,scene-000251-29,Bicycle,16.202304253476246,-5.599211561664775,-3.856263074251597e-14,3.2620620837557195e-15,-7.889778011562221e-14,-2.887870631791402e-14,244.9279531665576,2.571739798895578e-08,-1.7959980525006358e-07,SZ
1632797028.000,scene-000251-30,Bicycle,17.003547884844327,-3.0730665365933967,-4.5649198578115533e-14,1.0491460211511286e-14,-7.984662342617143e-14,6.023189609126353e-15,275.3935265217988,-6.404288654948687e-09,-2.0932040012411335e-07,SZ
1632797028.000,scene-000251-31,Bicycle,20.790660717670878,-1.3435582884864994,-5.172583867005286e-14,1.7048099368935366e-14,5.850761264411883e-14,3.269238905193949e-14,212.24201349204944,-3.7401147210402996e-06,9.336850069985303e-06,SZ
1632797028.000,scene-000251-32,Pedestrian,30.06918363535882,3.3548253418893665,1.3286906154875275,0.3479456708727405,0.046167103548203414,0.3766545530864922,283.2238604229959,-1.539193818280994,-8.464114672405055,SZ
1632797028.000,scene-000251-33,Bicycle,19.53672690655096,-2.597124347820534,-4.7400432724185175e-14,1.3465167783253498e-14,-1.0720680005065487e-13,2.666251330591627e-14,224.0873496351279,-6.341712719404313e-06,1.9313469877602074e-05,SZ
1632797028.000,scene-000251-34,Bicycle,17.576874723812026,-4.446120973120185,-3.7715168256558356e-14,7.504849646358634e-15,1.3248368863612516e-14,-1.308090683890017e-14,219.08841730443692,3.6241068812614685e-08,4.407546327911405e-09,SZ
1632797028.000,scene-000251-35,Bicycle,17.784864844745346,-4.038888584086666,-5.016565860473117e-14,7.603554952903577e-15,-1.1068815670964345e-13,-5.006318781131604e-15,228.64205100520192,3.4906911139387375e-08,-7.319937367356033e-08,SZ
1632797028.000,scene-000251-36,Bicycle,19.103549929200035,-3.045009666337785,-4.437267941766889e-14,1.2220292857627936e-14,-6.988187335280963e-15,9.590723798921036e-15,203.25882843304873,3.197435205493093e-08,1.3187995762109495e-07,SZ
1632797028.000,scene-000251-37,Bicycle,18.459098657718762,-3.8511117148047194,-5.390921989010717e-14,1.206313545609403e-14,-5.915035961793027e-14,8.688716121376275e-15,234.70895834787063,3.245702373533277e-08,-1.1802288923945525e-07,SZ
1632797028.000,scene-000251-38,Bicycle,21.731524741357795,0.15816879678027768,-3.790114862683013e-14,2.0163926315532352e-14,9.007384036257386e-14,4.1974981181495945e-14,245.31953189858135,2.5400048286883248e-08,-1.8152780967284343e-07,SZ
1632797028.000,scene-000251-39,Bicycle,22.834590680285196,1.1796708527127444,-0.003259829463842886,-0.0013325927205061021,-2.094690724693815e-09,-8.695264447702855e-10,247.55220813618155,0.6400000279841258,-9.078178209165344e-09,SZ
1632797028.000,scene-000251-41,Bicycle,21.195824080278445,-0.6800764222380693,-4.458539166372994e-14,1.8370112987170247e-14,-8.897550126818967e-14,3.326415302922816e-14,226.69842496054875,3.543025428598412e-08,-5.792560386908008e-08,SZ
1632797028.000,scene-000251-42,Bicycle,24.659237540560234,1.4333575739457614,-6.360624052954539e-14,2.475568044581281e-14,-8.22588764599178e-15,6.786848480021078e-14,318.2242996446507,3.610620069594006e-08,-2.6611772341311735e-07,SZ
1632797028.000,scene-000251-45,Vehicle,13.75564248076431,-26.42267771248827,-6.101945082858413e-14,-3.365695618369721e-14,3.123478241682958e-14,-2.296054935471301e-13,88.0006839830861,-1.4218926480680238e-08,-4.068208170338039e-07,SZ
1632797028.000,scene-000251-46,Vehicle,-19.411267058221043,-26.17357142174601,2.950560106394684e-14,-6.540925948921339e-14,-9.804737312620258e-14,-3.0335727012750217e-13,92.80373834500728,3.8913526623218786e-08,-1.3763283845946717e-07,SZ
1632797028.000,scene-000251-47,Vehicle,-26.681767196885104,-25.9969032376228,4.127465867556857e-14,-7.13063552944108e-14,-1.8559211775089353e-13,-2.2102281141838174e-13,88.50068398366696,-1.4566779782398953e-08,-4.0813807800077484e-07,SZ
1632797028.000,scene-000251-48,Vehicle,18.84516773550388,38.14956191910352,5.228001271704309e-16,8.264625920090189e-14,7.101212372450813e-14,4.11962798978334e-13,91.49772112066591,-2.957568767669727e-08,1.361011072731344e-07,SZ
1632797028.000,scene-000251-49,Vehicle,31.448968104676194,37.61043164735756,-2.6569465871704945,0.07386700019419201,-2.735432607019968,0.4616244930672857,88.5000634611686,-3.0003785046091025,3.0000555584355197,SZ
1632797028.000,scene-000251-50,Vehicle,49.41449364457114,40.916140759212475,-4.1866470262312365,-0.02927694472026443,1.1273519487973473,-0.9145923086761104,91.50006384968572,-0.00037841719768039184,5.4801133074988684e-05,SZ
1632797028.000,scene-000251-51,Vehicle,-4.669655731910255,55.219871883155754,6.266667969867252e-14,8.909896470963326e-14,9.282304123445141e-14,4.744602452039997e-13,178.49979949582462,2.2204233118827688e-08,1.8938531809453707e-07,SZ
1632797028.000,scene-000251-52,Vehicle,-8.878055437293352,61.54945582317311,7.969280823232197e-14,9.050525739457924e-14,1.391708608500781e-13,5.399660026667631e-13,328.35877921904455,6.708270916533365e-08,-3.657141434132427e-07,SZ
1632797028.000,scene-000251-53,Vehicle,-12.484528456585094,56.82877979224632,7.506632418719291e-14,8.312354831544234e-14,1.6986354966840142e-13,4.881918023373129e-13,136.49897250529466,-1.448251509827969e-07,7.579475891361653e-07,SZ
1632797028.000,scene-000251-54,Vehicle,-12.863895175312884,-43.572631484912954,-0.00013914316964710246,-0.005210580426976165,6.495102466610309e-07,2.4485238962947825e-05,178.49981133053802,9.2186382971704e-09,2.403033363407303e-07,SZ
1632797028.000,scene-000251-55,Vehicle,-12.849350148194263,-36.87079143857325,-0.002215418493694285,-0.00026791774611023247,0.015348832130347746,0.001856184066118296,178.49981134977503,1.6421623172391264e-08,2.404167105396482e-07,SZ
1632797028.000,scene-000251-56,Barrier,6.12118038185291,28.05991018110214,0.005504502471386554,0.003946226581055468,4.4546831418055405e-05,1.3566587434843402e-05,195.30667403896257,2.011643118748907e-08,1.9337382184403396e-07,SZ
1632797028.500,ego,AV,0.00013584194108229287,-0.00011331699647608559,0.0006361951674664584,-0.00044270069434430886,-0.002492905112979731,-0.015723616732288476,359.9998436827247,-0.0010908597809589082,0.0003341783791871969,SZ
1632797028.500,scene-000251-1,Pedestrian,-12.02535646965943,-22.366811723782064,0.008638665683281876,1.3624753552153654,-1.9976601105555218,-1.5465454299096386,359.4048427829028,-6.195890928997244,5.161282526817388,SZ
1632797028.500,scene-000251-2,Pedestrian,11.59453979153624,27.967538593801365,-0.013189328626948327,-0.05403625918765034,0.0932243244612533,0.2891093204445916,335.5359305771476,2.488230370094797,5.48571437046283,SZ
1632797028.500,scene-000251-3,Pedestrian,21.04597110373467,-15.81889884209329,1.5013963052424582,-0.05937508819925206,1.750812590512668,2.1048007947835283,269.02846285558405,6.318182369006604,-0.3439743783106479,SZ
1632797028.500,scene-000251-5,Vehicle,-2.9286544202750733,-54.900865128173386,0.20251489388132793,-6.188510906329063,0.16139361897444382,-0.06044607117778256,181.4998436997963,2.4054792783826855,-2.999665837293108,SZ
1632797028.500,scene-000251-6,Bicycle,-3.748141636181806,-46.61355500335618,0.17729898753286807,-6.928290942199894,-0.2556408812478559,-0.9025515244798044,187.49984369845896,2.9989091878907033,-8.999665835333133,SZ
1632797028.500,scene-000251-7,Vehicle,-6.826739461525288,-37.49805736953713,4.08646653792997e-15,7.051336854275741e-14,1.5690958330763802e-13,9.202586231431732e-13,186.81493972864234,2.3210573374399246e-07,-2.5282915316893195e-08,SZ
1632797028.500,scene-000251-8,Vehicle,-14.389420231995278,-25.93696527119876,-0.01318478198999079,-0.00933006957486998,0.09310284315791531,0.27279258444577603,91.49984372985347,-0.0010907133329851604,0.00033413332226928105,SZ
1632797028.500,scene-000251-10,Vehicle,-13.786752239729035,-31.96813933213324,0.002138945125915306,-0.0014008668787513128,-0.023973169889428617,-0.008766898282688437,91.43959775722965,0.0017841626340668881,-0.003952494952898178,SZ
1632797028.500,scene-000251-11,Vehicle,-7.042295063587365,-43.87376090065423,-0.01528034992919917,0.008823308772695791,0.004466359228249124,-0.014172797226602044,178.49700268144264,0.0017831970566248856,-0.003954115214867215,SZ
1632797028.500,scene-000251-17,Vehicle,-39.86800147656276,18.846129761165873,0.4358673480356188,0.2290578590103609,-0.19636366535987312,-0.3757884372348865,271.4971567873683,0.004740371934765619,0.005124547763699638,SZ
1632797028.500,scene-000251-18,Bicycle,5.449328981432307,27.701809888435136,0.11246683636246232,-0.008324970082754051,1.9777004614160898,0.693357517995957,26.11933804044841,5.566493932765312,-0.0039553800076248535,SZ
1632797028.500,scene-000251-19,Vehicle,-5.4292907003366935,7.919926197910924,0.5508222215127101,-4.8648387115306875,1.776946006393878,4.550927698286834,178.8157833482802,2.500206487115179,-8.632414808555495,SZ
1632797028.500,scene-000251-20,Bicycle,10.161496088449784,28.245632246277406,-0.1638917528002338,-0.24949681862803577,-1.2359183868594963,-0.3813603838965155,355.4556950665788,3.506401880976938,-3.3676073915302993,SZ
1632797028.500,scene-000251-21,Vehicle,7.652326465539683,-1.820234363750529,3.1698496953014166,7.179708243760392,3.65523005338461,-0.45797754103378807,338.58265516249014,-16.655014716334563,-6.999123626572981,SZ
1632797028.500,scene-000251-22,Vehicle,-15.310020244223326,4.838039130774961,2.6819260899838633,-2.2899503916328166,-2.0806013145669375,1.0888531150724654,232.15180583184093,-8.59561669190258,3.4205021447262247,SZ
1632797028.500,scene-000251-23,Bicycle,2.23163404438604,-47.54402076605498,-0.23030627971200962,9.978590749502137,0.40655877176379907,-2.040132200497716,358.4998436656531,-3.001090911566095,-2.999665805233917,SZ
1632797028.500,scene-000251-24,Vehicle,17.60970443143802,31.480008767245735,-4.361836554491517,0.15390897102676696,0.21261797267598936,-0.6961775542462744,88.49934212347279,-0.0012225493508708496,0.0004662226726281915,SZ
1632797028.500,scene-000251-25,Bicycle,15.078529540383167,-6.730846487807087,-7.437716560017375e-14,1.685808607852129e-14,-2.4407163088016345e-13,9.698805128135162e-14,222.11682267407494,-2.1600506272534403e-08,-7.45787858136282e-08,SZ
1632797028.500,scene-000251-26,Bicycle,15.686282989041981,-6.074699715888022,-7.746119916046774e-14,1.6696112839704995e-14,-1.8308513870654183e-13,6.823515161219587e-14,227.32243050589588,-5.688836068884484e-08,-7.81736986255055e-08,SZ
1632797028.500,scene-000251-27,Bicycle,17.0950339377705,-4.80695947994023,-8.178157439283428e-14,1.679679471950817e-14,-1.924910873758542e-13,7.20726534734801e-14,226.82208806307762,-5.359785149039453e-08,-7.792704082021373e-08,SZ
1632797028.500,scene-000251-28,Bicycle,14.350068365990253,-7.37452137190736,-7.122097895678406e-14,1.7452701249304063e-14,-1.3875386472145634e-13,1.1560116129298637e-13,211.86448727551283,5.167340333400716e-08,-6.137148034213169e-08,SZ
1632797028.500,scene-000251-29,Bicycle,16.202304253476218,-5.599211561664772,-7.368055006848655e-14,1.668276396656932e-14,-6.157389718826006e-14,8.25615138491684e-14,244.92795316539082,-1.5074556003469297e-07,-7.287682635137571e-08,SZ
1632797028.500,scene-000251-30,Bicycle,17.003547884844295,-3.0730665365933905,-8.058648564245313e-14,1.48147758021011e-14,-5.990252483117884e-14,1.1270072753232929e-14,275.3935264590463,-1.6432739879945757e-07,-1.0051678600575542e-08,SZ
1632797028.500,scene-000251-31,Bicycle,20.79066071767085,-1.3435582884864896,-8.170548240334804e-14,1.6350479699352664e-14,-1.7842618757729953e-13,-3.54828677302703e-14,212.2420001225725,2.089867646049015e-05,-1.2701893297162314e-06,SZ
1632797028.500,scene-000251-32,Pedestrian,30.729270628854632,3.5019033050259827,1.291598954112774,0.09241279880259286,-0.19453374904721965,-1.3987860413670827,282.4542634522592,-10.00330843804789,-16.928228939893046,SZ
1632797028.500,scene-000251-33,Bicycle,19.536726906550925,-2.5971243478205257,-9.156025526699598e-14,1.7030206029921076e-14,-6.943249012058826e-14,-1.2402360319246007e-14,224.08733527224152,2.7581630064332785e-05,2.839092715589686e-06,SZ
1632797028.500,scene-000251-34,Bicycle,17.576874723812,-4.4461209731201805,-7.709573021240746e-14,1.490588000801153e-14,-1.7077061668700887e-13,4.268502828551176e-14,219.08841735642753,-2.424442868687038e-10,-7.147731651002687e-08,SZ
1632797028.500,scene-000251-35,Bicycle,17.78486484474531,-4.038888584086661,-8.515946434115684e-14,1.8018892898680254e-14,-2.928706623605922e-14,4.6667670564238286e-14,228.64205104103587,-6.544417630038879e-08,-7.872109364370772e-08,SZ
1632797028.500,scene-000251-36,Bicycle,19.103549929200007,-3.0450096663377777,-8.003785091326604e-14,1.579429748061988e-14,-1.3567249864710758e-13,4.7052946930467444e-15,203.25882849657535,1.1189945325895678e-07,-4.523063523720339e-08,SZ
1632797028.500,scene-000251-37,Bicycle,18.459098657718727,-3.8511117148047123,-9.055679104333315e-14,1.6334114203073884e-14,-8.743992499497364e-14,8.395198866543132e-15,234.70895837086834,-1.0208324141558478e-07,-7.927559408926754e-08,SZ
1632797028.500,scene-000251-38,Bicycle,21.73152474135777,0.15816879678028867,-9.593013734660425e-14,1.512564973629561e-14,-3.2218979524167033e-13,-6.212808749844293e-14,245.3195318964602,-1.5222242666368402e-07,-7.245289523893916e-08,SZ
1632797028.500,scene-000251-39,Bicycle,22.832960765402095,1.1790045562897356,-0.0032598298472431646,-0.0013325928796593495,5.610896105373575e-10,2.329134532810806e-10,247.8722081027432,0.6400000591214443,-2.678103072639715e-09,SZ
1632797028.500,scene-000251-41,Bicycle,21.19582408027841,-0.6800764222380592,-1.0174816208352275e-13,1.556191291288601e-14,-1.3967558041098157e-13,-4.4496953326365135e-14,226.69842500012135,-5.278087655824493e-08,-7.786280775690102e-08,SZ
1632797028.500,scene-000251-42,Bicycle,24.659237540560195,1.4333575739457751,-1.0521014983024433e-13,1.612211094043333e-14,-1.5818974955680387e-13,-1.0240276282172869e-13,318.22429951398124,-1.6643575406760647e-08,-1.0789685234158242e-07,SZ
1632797028.500,scene-000251-45,Vehicle,13.755642480764278,-26.422677712488284,-7.76163326022662e-14,3.945015746296493e-14,-9.762230951155787e-14,5.220339481337788e-13,88.00068398046108,-3.950187590362475e-07,-2.611861305013008e-08,SZ
1632797028.500,scene-000251-46,Vehicle,-19.411267058221025,-26.173571421746043,7.208205151767199e-14,1.481129785507527e-14,2.683531749411031e-13,6.242394995046568e-13,92.80373824608989,-2.5252262503272505e-08,-6.186928658280522e-08,SZ
1632797028.500,scene-000251-47,Vehicle,-26.681767196885083,-25.99690323762283,9.174640452340429e-14,6.0218747881899785e-15,3.8747910114223643e-13,5.303357317487849e-13,88.50068398009117,-3.954864382649248e-07,-2.5532898462188314e-08,SZ
1632797028.500,scene-000251-48,Vehicle,18.84516773550387,38.14956191910356,-6.14311953310739e-14,-1.2487833272751204e-14,-3.188281055574852e-13,-7.924991688729463e-13,91.49772100458762,1.4909170431565144e-07,5.047564854976372e-08,SZ
1632797028.500,scene-000251-49,Vehicle,30.003795250280316,37.66753721364719,-2.6732858002792863,0.0794932740826081,2.6700757545848006,-0.43911939751362133,88.499843635596,-0.0010910062253515207,3.0003342326482425,SZ
1632797028.500,scene-000251-50,Vehicle,47.38868837815127,40.89485744121049,-4.063375533256058,0.15950205859765101,-0.634265976896625,1.669708321947772,91.4998437136984,-0.0010914062946483227,0.0003340506266340526,SZ
1632797028.500,scene-000251-51,Vehicle,-4.66965573191022,55.2198718831558,5.929463050387143e-14,-4.101760584663036e-14,-1.0631123801365587e-13,-9.94926527429054e-13,178.49979945335477,2.922118227388637e-07,-5.052709184383275e-08,SZ
1632797028.500,scene-000251-52,Vehicle,-8.878055437293305,61.549455823173155,8.29333352692756e-14,-6.020663058221319e-14,-1.2620875270226351e-13,-1.1428135545739328e-12,328.35877901227326,5.610357334262517e-08,-2.1940439864920336e-07,SZ
1632797028.500,scene-000251-53,Vehicle,-12.484528456585046,56.82877979224636,9.517127219135439e-14,-7.513222648718283e-14,-8.944375765175546e-14,-1.1212149015478137e-12,136.49897260994734,3.2634372360007546e-07,4.057331466356118e-07,SZ
1632797028.500,scene-000251-54,Vehicle,-12.863964700023335,-43.57523500805649,-0.0001390243009732402,-0.005206099316994826,-1.7403555121174325e-07,-6.560799037592241e-06,178.49981134825944,2.3890237343948684e-07,-1.0645493375704973e-09,SZ
1632797028.500,scene-000251-55,Vehicle,-12.849350148194262,-36.870791438573285,0.0005936289548122916,7.17894754777281e-05,-0.004112642336321439,-0.0004973551797664538,178.49981136953176,2.4809597221064905e-07,-2.8050664013790083e-09,SZ
1632797028.500,scene-000251-56,Barrier,6.1239295487736545,28.061882351048983,0.00547485987383908,0.003937174872086452,-0.0001631172216079481,-4.977342331092052e-05,195.3066739356524,3.773737233814245e-07,-1.0915799464328302e-07,SZ
1632797029.000,ego,AV,0.00011527648351995916,-0.0008683669239618864,-0.0007725568020619863,0.0002860060068459318,-0.003142102765134049,0.018638443537049437,359.99897268816056,-4.427449514238536e-05,0.00021864401938387346,SZ
1632797029.000,scene-000251-1,Pedestrian,-12.096725232484019,-21.783244834582206,0.05392511932478317,1.1630869822458267,2.178805925121527,0.7489919380314838,356.3767092170391,-6.205240872602815,9.973058936623431,SZ
1632797029.000,scene-000251-2,Pedestrian,11.594585419389325,27.961141323501472,0.0033463432570942334,-0.002588433535201939,-0.02708163692508305,-0.08331801783479795,336.78004583794774,2.4882303012916225,-2.2123161613762932e-07,SZ
1632797029.000,scene-000251-3,Pedestrian,21.835349715450683,-15.723668610208488,1.2957759121830006,0.1639313690114337,-2.5732941627504964,-1.2115749659407855,273.7165387271365,-0.024567582388769438,-9.390515863609586,SZ
1632797029.000,scene-000251-5,Vehicle,-2.8851994359426025,-57.89993679997332,-0.18464828651144233,-5.602296700347019,-1.7100463405455248,2.405302895105951,183.90554285775625,-3.000044274764363,-7.812921641894903,SZ
1632797029.000,scene-000251-6,Bicycle,-3.6982026717632004,-50.11170284112851,0.008946031757860585,-6.906667261114236,-0.4177709418521741,0.9890462488224436,187.4989727660232,-6.000044274075776,-8.998620822022275,SZ
1632797029.000,scene-000251-7,Vehicle,-6.826739461525278,-37.49805736953706,1.1219446797438821e-14,5.523424858475198e-14,-1.283776622696026e-13,-9.81375102975195e-13,186.81493993771278,-3.975003437517444e-09,-4.976073455509322e-07,SZ
1632797029.000,scene-000251-8,Vehicle,-14.388529109359242,-25.927557273045995,0.008440589006717228,0.006909981954876934,-0.006601359171083246,-0.20783237832678836,91.49897292138138,-4.4277029360273445e-05,0.00021832232931728868,SZ
1632797029.000,scene-000251-10,Vehicle,-13.787280724575822,-31.968913847717683,-0.0014555068601996058,0.0003463648215195817,0.009595361944968971,0.015755825083772015,91.43837039415507,-0.0018624012295731518,-0.0028347752414958904,SZ
1632797029.000,scene-000251-11,Vehicle,-7.0495670209235906,-43.869794658695724,-0.014187633966017868,0.009694033512309786,-9.549537552389076e-05,0.017655696185058023,178.49577421473728,-0.0018638956796621642,-0.00283308402140392,SZ
1632797029.000,scene-000251-13,Vehicle,-10.335817369775016,29.938462289980908,1.568424007039804,1.5142481809532768,-1.9667795527777807,1.1652762138674673,295.4990401878612,21.792020569940952,-9.430685184425215,SZ
1632797029.000,scene-000251-18,Bicycle,5.589682150152191,27.751101983237398,0.12276022424035433,0.13906312948008775,-1.9365269099045215,-0.10380511974458995,26.068619392813986,-0.10086502066184266,1.0925216560777926,SZ
1632797029.000,scene-000251-19,Vehicle,-5.1874422804384475,5.73030476119564,-0.0947904252344136,-4.545783121802039,-4.359396593382373,-3.2747053393722396,177.49941773634941,-0.31541044714333566,1.4996369084270498,SZ
1632797029.000,scene-000251-20,Bicycle,10.069941411093435,28.14024419727745,0.08743503817724685,-0.03799456076953369,2.2412255507694185,1.2273694153305241,357.91796151767727,-2.1395201898690175,-1.9700860467530532,SZ
1632797029.000,scene-000251-21,Vehicle,9.510817694264912,1.6692728955038578,3.897440468402388,6.692121453263983,-0.7448669609807137,-1.4923696209518482,331.4989726319844,-13.082855763882577,-1.3458574529346379,SZ
1632797029.000,scene-000251-23,Bicycle,2.132676992226848,-42.75979780764578,-0.23476944647208275,9.258189301575326,-0.4244114388040914,-0.8414735912095281,358.49897260368107,-4.42735771741809e-05,3.000218759282646,SZ
1632797029.000,scene-000251-24,Vehicle,15.516277859894288,31.537423760772203,-3.8900408134483464,0.21071640766684172,1.6745649914966965,0.9234073008065727,88.4985275813255,-0.00011612517312187265,0.0007953824473361237,SZ
1632797029.000,scene-000251-25,Bicycle,15.07852954038313,-6.730846487807075,-1.4048722844043193e-14,1.1314731759229283e-14,4.853854019046857e-13,-1.1916146855851964e-13,222.11682260496727,-3.8424559534178115e-08,3.081453314734972e-08,SZ
1632797029.000,scene-000251-26,Bicycle,15.686282989041946,-6.074699715888012,-1.2469137730459131e-14,8.168762117749308e-15,4.4305338442657626e-13,-1.0234455450001866e-13,227.3224304106128,-4.289749711006152e-08,9.667419931247423e-08,SZ
1632797029.000,scene-000251-27,Bicycle,17.09503393777046,-4.80695947994022,-2.2793182171200962e-14,7.0080228928219054e-15,4.284446562623874e-13,-1.1122774078022515e-13,226.82208797013885,-4.252627405776366e-08,9.053179184093096e-08,SZ
1632797029.000,scene-000251-28,Bicycle,14.350068365990222,-7.374521371907347,-1.4716114561294847e-14,1.0801294432955803e-14,3.647733223034132e-13,-1.4220678855837943e-13,211.86448726730407,-2.6142352282931824e-08,-1.0596556876407703e-07,SZ
1632797029.000,scene-000251-29,Bicycle,16.202304253476186,-5.599211561664761,-2.909196422118893e-14,9.942939822978276e-15,2.3992824057745056e-13,-1.0952081042353261e-13,244.92795301581202,-4.715942836241993e-08,2.723195038356607e-07,SZ
1632797029.000,scene-000251-30,Bicycle,17.003547884844263,-3.0730665365933847,-1.5697936162526085e-14,2.1918885757944516e-15,3.1945672275088704e-13,-6.176162165845953e-14,275.3935263574714,-1.6455970808237907e-08,3.0243289028675235e-07,SZ
1632797029.000,scene-000251-31,Bicycle,20.79066071767081,-1.3435582884864856,-2.6461591099812086e-14,1.505748657656273e-16,3.9940175279144345e-13,-2.931675160407785e-14,212.2420343907259,-5.0103040578619584e-06,-5.67046524437842e-05,SZ
1632797029.000,scene-000251-32,Pedestrian,31.353821646177316,3.4361153175287433,1.2127416329723615,-0.22985701224685115,-0.12089553551443366,0.10970679716930676,273.220551984948,-18.467422758174038,5.011410900033946,SZ
1632797029.000,scene-000251-33,Bicycle,19.53672690655089,-2.5971243478205204,-1.2684187663891028e-14,1.0146011291738573e-15,3.849367605330081e-13,-5.1660059283742886e-14,224.08737721675794,-3.502620003814627e-06,-6.619447852074245e-05,SZ
1632797029.000,scene-000251-34,Bicycle,17.576874723811965,-4.4461209731201725,-1.6278706131462923e-14,7.478617576405763e-15,4.14038713010787e-13,-7.239407801193484e-14,219.08841730419448,-3.523625480283954e-08,-9.043517934514966e-09,SZ
1632797029.000,scene-000251-35,Bicycle,17.78486484474528,-4.038888584086652,-1.420584341389856e-14,5.5860017435874366e-15,3.1310154994509234e-13,-9.639923518460955e-14,228.64205093975772,-4.381418250432034e-08,1.1264714316894242e-07,SZ
1632797029.000,scene-000251-36,Bicycle,19.10354992919997,-3.045009666337772,-1.916899423972108e-14,1.874039733803435e-15,3.791479253412874e-13,-6.038632568031253e-14,203.2588285449482,-1.3256283182272455e-08,-2.1857934484614816e-07,SZ
1632797029.000,scene-000251-37,Bicycle,18.45909865771869,-3.851111714804706,-1.0189257392620339e-14,2.5364655046217085e-15,4.0891005959782496e-13,-6.358579366035186e-14,234.70895824578741,-4.6818570353934774e-08,1.8109776789287935e-07,SZ
1632797029.000,scene-000251-38,Bicycle,21.73152474135772,0.15816879678029067,-2.6020225515616012e-14,-2.7288689320287947e-15,6.018294425656233e-13,-9.289987174854686e-15,245.3195317463589,-4.7052846952055916e-08,2.7510058941970783e-07,SZ
1632797029.000,scene-000251-39,Bicycle,22.831330850518984,1.178338259866715,-0.0032598297444516398,-0.0013325928370334394,-1.4992350416687117e-10,-6.240981082622499e-11,248.19220819530298,0.6400000253060227,-1.1340826944206128e-08,SZ
1632797029.000,scene-000251-41,Bicycle,21.195824080278367,-0.6800764222380561,-1.7380165603845182e-14,-1.3478406804781054e-15,4.771475663296918e-13,-2.3142061047091327e-14,226.69842490776787,-4.243256057634426e-08,8.900686054857943e-08,SZ
1632797029.000,scene-000251-42,Bicycle,24.65923754056015,1.4333575739457753,-2.7143929896749455e-14,-5.311263545884302e-15,4.704546292907834e-13,1.6669264876458153e-14,318.22429962800715,-7.179065164564236e-08,-2.6501271577217267e-07,SZ
1632797029.000,scene-000251-45,Vehicle,13.755642480764246,-26.42267771248824,-1.2208296072805178e-14,4.638658291426152e-14,3.5925445562940205e-13,-4.942882463285925e-13,88.00068358806735,-4.033753953081032e-08,7.490843358937127e-07,SZ
1632797029.000,scene-000251-46,Vehicle,-19.411267058220986,-26.173571421746004,2.3226706030213302e-14,4.8796632214518314e-14,-4.637745568909379e-13,-4.882981620668847e-13,92.80373831975498,-2.295575995958643e-08,-5.961254601061228e-09,SZ
1632797029.000,scene-000251-47,Vehicle,-26.68176719688503,-25.9969032376228,3.938164675967738e-14,4.721885614165087e-14,-5.96938132197144e-13,-3.655478063349416e-13,88.5006835881805,-4.009967824458727e-08,9.84851141083709e-07,SZ
1632797029.000,scene-000251-48,Vehicle,18.845167735503832,38.14956191910351,-3.190968574931394e-14,-7.532749025550309e-14,4.3691414388452517e-13,5.41140540941939e-13,91.49772126975768,2.0899960873066448e-08,-2.3711993435426848e-07,SZ
1632797029.000,scene-000251-49,Vehicle,28.894811842605883,37.66796758319969,-1.9748477841342262,-0.046624481471830334,0.12367630999544144,-0.06535162470413247,88.49897245494324,-4.42719608599873e-05,0.00021896570410717686,SZ
1632797029.000,scene-000251-50,Vehicle,45.341812169541704,41.03672272818722,-3.995939690921136,0.11476052417814338,0.9040093462363181,-1.8486744596258025,91.49897244339104,-4.436657104633923e-05,0.00021959369027513276,SZ
1632797029.000,scene-000251-51,Vehicle,-4.669655731910205,55.219871883155726,-1.4172526949161145e-15,-9.55587979055359e-14,-1.3653629478149432e-13,7.76761759193432e-13,178.49979978803646,-2.8322858725005062e-08,-7.185640100715318e-07,SZ
1632797029.000,scene-000251-52,Vehicle,-8.878055437293284,61.54945582317307,-6.4167899261673e-15,-1.0547411993936252e-13,-2.311917480795081e-13,9.617435971453354e-13,328.3587792751481,-1.523216894838697e-07,-6.375801433478046e-07,SZ
1632797029.000,scene-000251-53,Vehicle,-12.484528456585016,56.828779792246266,1.3206792649055624e-14,-1.2365515553155906e-13,-2.384141605174394e-13,9.271231853703086e-13,136.49897283163838,2.6090799565281486e-07,-2.6407908837455807e-07,SZ
1632797029.000,scene-000251-54,Vehicle,-12.864034224733764,-43.577838531199916,-0.00013905615174359887,-0.00520730002681788,4.663246977703716e-08,1.7579597453749873e-06,178.4998115694404,8.154088959599903e-09,-5.03344381286297e-07,SZ
1632797029.000,scene-000251-55,Vehicle,-12.849350148194242,-36.87079143857323,-0.00015909732542698386,-1.9240155672782257e-05,0.0011017372153643372,0.00013323665516441232,178.49981159787103,1.3616556771012256e-08,-5.115312262660154e-07,SZ
1632797029.000,scene-000251-56,Barrier,6.126678715694384,28.063854520995765,0.005586061082099933,0.003971113292348549,0.0006079220546513532,0.00018552710435929334,195.30667441633628,-8.904156345579395e-08,-9.940475251823955e-07,SZ
1632797029.500,ego,AV,-0.00019744332062367266,-5.469654441403395e-05,0.00045432047054569385,-0.00034960062066710835,0.00804961185556477,-0.021180870047101598,359.99979940822953,-0.0008722157615686124,0.00028024817596872253,SZ
1632797029.500,scene-000251-1,Pedestrian,-11.948441534050597,-21.152163136369442,0.23715047067058612,1.2730682402770601,-1.4459045197383158,-0.30906690590654495,353.1996019103,3.7771680076261873,18.147383804131557,SZ
1632797029.500,scene-000251-2,Pedestrian,11.594631047242446,27.954744053201622,0.00035148983580636224,-0.012377250269995567,0.015102223239931562,0.04416275089562344,338.0241608784392,2.488230148863181,-4.8841087618711754e-08,SZ
1632797029.500,scene-000251-3,Pedestrian,22.376962279202797,-15.732441689618465,1.3014470988343074,-0.07760747299753278,2.5959789093557273,0.24541959790491957,269.0038952731953,-3.072333494602981,5.249447839782533,SZ
1632797029.500,scene-000251-5,Vehicle,-3.0522349641576474,-60.47557191633747,-0.2054050111310033,-4.850543021267372,1.6270194420672812,0.6017118212126391,178.49979942503194,-5.407442363512217,3.0007383455370444,SZ
1632797029.500,scene-000251-6,Bicycle,-3.7220164432516016,-53.33264667306325,-0.05633195698308512,-5.759590031585579,0.15665898688839133,3.599262669292198,181.49979942438318,-5.999711634131572,9.001898192275249,SZ
1632797029.500,scene-000251-7,Vehicle,-6.826739461525282,-37.49805736953709,-1.166076010028e-14,-3.5654978008129267e-14,3.685683467872732e-14,6.178181966036699e-13,186.81493972466734,-2.6550161180693976e-07,-1.6690222537363297e-08,SZ
1632797029.500,scene-000251-8,Vehicle,-14.384927960503074,-25.93813220509351,0.006376054916344499,-0.025311461613145615,-0.0016567771904078127,0.07894660405469822,91.4997994528241,-0.0008723910036678717,-0.2026743075312183,SZ
1632797029.500,scene-000251-10,Vehicle,-13.787330849537286,-31.968345009633097,0.00021142346537727328,-0.0012186574064657093,-0.0029276406426614523,-0.022015913995713177,91.43773535600008,-0.0010506126074290023,-0.0007439463187779438,SZ
1632797029.500,scene-000251-11,Vehicle,-7.056203685538566,-43.86441927555521,-0.011420845913938132,0.008450307772220576,0.011162647583842847,-0.022630599145414876,178.49513878576295,-0.0010498869647790343,-0.0007409261703372749,SZ
1632797029.500,scene-000251-13,Vehicle,-9.727565321354552,30.734565209926842,1.004359164637623,1.456802104302183,-0.2894798168309425,-1.3950605204718425,307.49426717695087,15.334058738606643,-3.786252365189455,SZ
1632797029.500,scene-000251-15,Vehicle,-23.182627593049702,18.510646872236258,0.00026652308906141857,-0.00022424767276222392,0.0011018153060596814,0.0010860147580142874,266.5249882950586,-0.5751314153788454,0.585419666519428,SZ
1632797029.500,scene-000251-16,Vehicle,-22.67081558704737,14.921216259562483,0.09762117891653382,0.00116765240877315,-0.11694079853358735,-0.000753900151689363,270.8390382161105,-0.0012571241287488988,0.0006120957563453544,SZ
1632797029.500,scene-000251-18,Bicycle,5.478320791232955,27.798419665843788,-0.4295568745199952,0.031731116614315436,-0.2727414851368757,-0.32552293171849944,26.01847301978657,6.659015588843104,5.5714726420738,SZ
1632797029.500,scene-000251-19,Vehicle,-5.368780721046229,2.8991148280262387,0.19139935516773077,-7.076897020569271,5.504155714990951,-6.8497502556967085,178.50037290113684,3.9998433955422286,3.3150729282661047,SZ
1632797029.500,scene-000251-20,Bicycle,10.230729142820014,28.197453394926672,0.229549926312625,0.11240195360176672,-1.6727659982279062,-0.6257833578453221,353.3161748767098,1.5363158342238847,11.090382384841064,SZ
1632797029.500,scene-000251-21,Vehicle,11.54470524240021,4.851438011398025,4.5946610922521955,6.081840194074996,3.533749456379951,-0.9487554158041078,325.4997993986076,-18.000872169269208,-7.916908252941326,SZ
1632797029.500,scene-000251-23,Bicycle,1.965906936701051,-38.21628297559962,-0.42497858050959186,8.95507878692871,-0.3364250973459446,-0.3709684673769402,358.49979939207594,-0.000872152283449168,0.00028026306242168175,SZ
1632797029.500,scene-000251-24,Vehicle,13.607641981432653,31.696561097881762,-4.090374891747287,0.30253938212202885,-2.475901304692453,-0.5561154029858251,88.49922599829966,-0.00042716690353472586,4.4350384835287855,SZ
1632797029.500,scene-000251-25,Bicycle,15.07852954038315,-6.730846487807077,2.399064661233149e-14,-3.4972374152301554e-15,-3.3322792407918697e-13,5.991359186068189e-14,222.11682263565038,9.214026874815318e-09,3.7267255947881495e-08,SZ
1632797029.500,scene-000251-26,Bicycle,15.686282989041963,-6.074699715888014,2.075633971828922e-14,-1.4095266468954518e-15,-3.101514746315829e-13,6.403139944143962e-14,227.3224304629984,3.978583862362939e-08,4.7526533819564065e-08,SZ
1632797029.500,scene-000251-27,Bicycle,17.095033937770474,-4.806959479940223,2.3740328568017082e-14,-2.1963221451897784e-15,-2.4231061330551524e-13,7.441036062817841e-14,226.82208802055135,3.693394035053643e-08,4.661407615458302e-08,SZ
1632797029.500,scene-000251-28,Bicycle,14.350068365990236,-7.37452137190735,2.3504026837948414e-14,-2.038103280919001e-15,-2.1189275670644016e-13,9.084919770288021e-14,211.86448724937048,-5.429217964092459e-08,1.3040420299148536e-08,SZ
1632797029.500,scene-000251-29,Bicycle,16.20230425347619,-5.599211561664763,1.9518150370818227e-14,-3.163818076474903e-15,-4.5487782209421945e-14,5.709377882571988e-14,244.9279531182314,1.2157394380096775e-07,6.757045412086882e-08,SZ
1632797029.500,scene-000251-30,Bicycle,17.003547884844274,-3.0730665365933865,1.5480537855739427e-14,3.9848722662447557e-16,-1.94742826677825e-13,5.458801626177962e-14,275.3935264425903,1.3810549148729478e-07,4.184089164027682e-08,SZ
1632797029.500,scene-000251-31,Bicycle,20.79066071767082,-1.3435582884864867,1.7021590220172335e-14,3.667000217372684e-16,-2.2546902751150567e-13,3.018125222796441e-14,212.24199511226846,-3.580597598329405e-05,1.532840431650584e-05,SZ
1632797029.500,scene-000251-32,Pedestrian,31.97837266350009,3.370327330031507,1.3520467218705223,0.03755940021795815,0.678115891107077,0.9599588526899304,263.9868406940852,-4.991897538013944,22.794760715784697,SZ
1632797029.500,scene-000251-33,Bicycle,19.536726906550903,-2.597124347820522,1.439931348574205e-14,2.276715261865032e-16,-2.7660275593447576e-13,4.851234087179346e-14,224.08733176962153,-3.8612848456409665e-05,1.5864188554814973e-05,SZ
1632797029.500,scene-000251-34,Bicycle,17.57687472381198,-4.446120973120173,1.431286230144112e-14,-2.187786168028567e-15,-2.916724392791708e-13,3.3728463034197516e-14,219.08841732119126,-9.28596222138367e-09,3.059106745695317e-08,SZ
1632797029.500,scene-000251-35,Bicycle,17.78486484474529,-4.038888584086655,1.4085145559933054e-14,-3.059406245624739e-15,-1.9993759404976586e-13,6.181760322776085e-14,228.64205099722167,4.720297397398099e-08,4.9852516781356826e-08,SZ
1632797029.500,scene-000251-36,Bicycle,19.103549929199982,-3.0450096663377737,7.499853362529327e-15,6.903609160697601e-16,-2.7247253493228577e-13,5.565161040937783e-14,203.25882848331906,-1.0667989158719138e-07,-9.663310152063787e-09,SZ
1632797029.500,scene-000251-37,Bicycle,18.45909865771871,-3.851111714804708,2.473241024979947e-14,1.6537636944304399e-16,-2.6922338902814573e-13,5.41014371196372e-14,234.70895832404977,7.901452647729457e-08,5.89360524827498e-08,SZ
1632797029.500,scene-000251-38,Bicycle,21.73152474135774,0.15816879678028944,2.948078282664424e-14,4.52762695245228e-16,-3.7982540919658227e-13,2.201651368395078e-14,245.31953184940735,1.228781663087375e-07,6.772365779283973e-08,SZ
1632797029.500,scene-000251-39,Bicycle,22.829700935635934,1.1776719634436927,-0.003259829771919035,-0.0013325928484637696,4.005392718886558e-11,1.6688491734362376e-11,248.51220812804922,0.6400000477806174,1.1192310012120288e-07,SZ
1632797029.500,scene-000251-41,Bicycle,21.195824080278385,-0.6800764222380574,2.205484998928242e-14,4.875908454279158e-16,-3.194075039571815e-13,3.0483787150715416e-14,226.69842495768876,3.62259839903345e-08,4.638604167439553e-08,SZ
1632797029.500,scene-000251-42,Bicycle,24.659237540560163,1.4333575739457745,2.1939330762015082e-14,1.1261403544533134e-15,-2.741215866557252e-13,9.080350724892308e-15,318.22429944219056,-2.8165629828436067e-07,8.612362734083945e-08,SZ
1632797029.500,scene-000251-45,Vehicle,13.75564248076426,-26.422677712488248,1.986810652947187e-14,-1.1833668391980946e-14,-2.3094884522029383e-13,2.6140724110362255e-13,88.00068394012354,3.540655768574652e-07,9.074858553503873e-08,SZ
1632797029.500,scene-000251-46,Vehicle,-19.411267058221004,-26.17357142174601,-3.709118320170717e-14,-1.8151288057921473e-14,2.2250299996325597e-13,2.205064809771255e-13,92.80373822313413,-3.121351710433373e-08,1.2644920133197957e-07,SZ
1632797029.500,scene-000251-47,Vehicle,-26.681767196885055,-25.996903237622803,-7.874273497968979e-14,-2.4367042772369352e-14,1.2444060523967536e-13,7.920421067886064e-14,88.50068393999146,5.893647081478548e-07,1.0100409530977572e-06,SZ
1632797029.500,scene-000251-48,Vehicle,18.845167735503843,38.14956191910351,1.8539681745905595e-14,1.5369845275521433e-14,-2.3511667390364703e-13,-1.7835119881784084e-13,91.49772102548758,-8.802823003861704e-08,1.1809845545940334e-08,SZ
1632797029.500,scene-000251-49,Vehicle,27.943065394925767,37.65057167820925,-1.7917021953110992,0.005211439177072618,0.6089060452970632,0.2726953072997443,88.49979936363513,-0.0008720405212443438,0.0002802892720978889,SZ
1632797029.500,scene-000251-50,Vehicle,43.4428713841818,40.945050464840975,-3.627767666876235,-0.31738601352731816,0.5686787499433006,0.12008830880395671,91.49979934712735,-0.00087181260437319,0.00028040155848430004,SZ
1632797029.500,scene-000251-51,Vehicle,-4.669655731910212,55.219871883155726,-5.663985060400201e-15,-3.072843987286185e-15,1.1954936531955797e-13,-4.0681794352043305e-13,178.49979942503188,-4.263521873326681e-07,2.9832321501999104e-08,SZ
1632797029.500,scene-000251-52,Vehicle,-8.878055437293296,61.549455823173076,-3.975470382598894e-15,1.314490473799718e-14,2.409570262537817e-13,-4.872674984358968e-13,328.3587788599516,-5.814765700051794e-07,2.0638301378994584e-07,SZ
1632797029.500,scene-000251-53,Vehicle,-12.484528456585029,56.82877979224628,-4.141703242356192e-14,1.0079464301175298e-13,1.9918860226969247e-14,-2.932399119706055e-14,136.49897287085534,6.22646352255174e-08,-3.511896586871899e-07,SZ
1632797029.500,scene-000251-54,Vehicle,-12.86410374944422,-43.580442054343415,-0.00013904761736800082,-0.005206978297293839,-1.2494967385301252e-08,-4.7104164920333536e-07,178.49981135641355,-2.6444200784681016e-07,-5.012596204778674e-08,SZ
1632797029.500,scene-000251-55,Vehicle,-12.84935014819425,-36.87079143857324,4.2760346970250875e-05,5.171147469196308e-06,-0.0002943065257753982,-3.5591442596498045e-05,178.4998113831483,-2.634352540553664e-07,-4.720146762338118e-08,SZ
1632797029.500,scene-000251-56,Barrier,6.129427882615127,28.06582669094259,0.005170898846598666,0.0038444113201625977,-0.0022685709966564285,-0.0006923349931030991,195.30667384661086,-6.16673801800971e-07,1.8742406382443733e-07,SZ
1632797030.000,ego,AV,0.00015693219884935046,-0.0012653193066326758,-0.0007947907881444413,-0.0012693178202022354,-0.01304605689032531,0.017502001248961088,359.998100472399,0.0002359736808356027,0.0029542075618625386,SZ
1632797030.000,scene-000251-1,Pedestrian,-11.950049985864814,-20.55326195365245,-0.12247552229189652,1.124537342224475,0.007400547888385234,-0.28505668630379777,0.15387722466529397,11.942142931528744,14.024224750778654,SZ
1632797030.000,scene-000251-2,Pedestrian,11.594676675095553,27.948346782901766,-0.004204768362956814,-0.02466980898305629,-0.03332725603498425,-0.0933329857478663,339.2682759868109,2.488230252450535,7.807570057138946e-08,SZ
1632797030.000,scene-000251-3,Pedestrian,23.13073230327655,-15.746191503014728,1.2707312194349663,0.011361166141257524,-2.7188424269530937,0.11045495865024163,270.64420523253347,5.224880257393764,7.2458263744056755,SZ
1632797030.000,scene-000251-5,Vehicle,-3.0458425620823637,-62.79713536061308,0.042409574196888435,-4.378722578422083,-0.6357611007557141,1.2855699501685152,178.49810049424406,0.0006940707726812434,-1.2315054773206526,SZ
1632797030.000,scene-000251-6,Bicycle,-3.734844888914391,-55.928278833862514,-0.0034715067326626563,-4.954428568947464,0.05478281411329851,-0.37861681873974007,181.49926113189161,3.0018539181994726,3.163760439979299,SZ
1632797030.000,scene-000251-7,Vehicle,-6.826739461525283,-37.49805736953707,8.778241012677419e-15,2.120535156553073e-15,4.4899169773102356e-14,-4.667161439449405e-13,186.81493967221115,-2.066522597488074e-08,3.766743077449064e-07,SZ
1632797030.000,scene-000251-8,Vehicle,-14.386433751236517,-25.94112113876619,-0.021372659935745258,0.012952670176543035,-0.1093380822179512,0.07410992310405637,91.49810053037771,-0.20271858456057856,-0.0029456898623493877,SZ
1632797030.000,scene-000251-10,Vehicle,-13.786820678111937,-31.97001838030594,0.003370091782003709,-0.002098930725203015,0.015562313909167076,0.018494820720763964,91.43731978154761,-0.0026063475483510956,-0.0027805738832427096,SZ
1632797030.000,scene-000251-11,Vehicle,-7.062253098816372,-43.86124051172875,-0.016245449734918805,0.007829617200640501,-0.030461062867765523,0.020147836859094576,178.49472432777247,-0.002604821849999439,-0.000643976325704898,SZ
1632797030.000,scene-000251-13,Vehicle,-9.189299651228868,31.488790344612994,1.2932456456865924,1.9605117296305061,1.4450257410268197,3.409899021785135,310.83309892646787,18.00576820475149,11.333024767760378,SZ
1632797030.000,scene-000251-18,Bicycle,5.3136761935575825,27.775371077376143,-0.0605684657280246,-0.12037303110487876,1.7486951203047583,-0.2828936591582773,32.72763498165709,5.470607621411958,-14.956002900860625,SZ
1632797030.000,scene-000251-19,Vehicle,-4.935435357258948,-0.8843722389000548,0.8412345436404886,-6.83469079649504,-2.90481496109992,7.818575151993642,181.49926113189161,2.999662481122769,-0.9989220222965969,SZ
1632797030.000,scene-000251-20,Bicycle,10.18391708925332,28.185347754103912,-0.3217806744684337,-0.14099191267876424,-0.5325564048963285,-0.3877921072768019,359.45427735190117,8.950862194972046,-3.8227998330927306,SZ
1632797030.000,scene-000251-21,Vehicle,14.202077712999438,7.661266276303284,5.871475274995986,4.932478055232591,1.5735072745951904,-3.6486931395655127,313.4981004627152,-20.999764016823903,0.4711834180847916,SZ
1632797030.000,scene-000251-22,Vehicle,-12.52107868669562,2.1353959122885433,1.7744819210128875,-1.6420254900115507,0.8706757559389668,-0.2249532462441124,226.94121525950038,-3.4737270277309342,1.3658332590979185,SZ
1632797030.000,scene-000251-23,Bicycle,1.7498163052012243,-33.81070401769196,-0.3624803536432908,8.616058290432763,0.586418004811148,-0.9851135186068731,358.4981004513976,0.00023598948524750085,0.003303544903971556,SZ
1632797030.000,scene-000251-24,Vehicle,11.494897724411162,31.786636462625097,-3.8767404324612604,0.07440227496240717,3.3304391418365746,-0.3564330256526619,88.49810041442194,4.434922358355664,6.00250933051251,SZ
1632797030.000,scene-000251-25,Bicycle,15.078529540383139,-6.730846487807075,-2.8623158423275254e-14,2.6742179016913394e-15,1.2277270393675997e-13,-3.522777059299593e-14,222.1168226141813,-1.1572964808692632e-09,1.0376666637057497e-07,SZ
1632797030.000,scene-000251-26,Bicycle,15.686282989041953,-6.074699715888011,-2.7923656997091732e-14,2.798414988033252e-15,1.1543148777005912e-13,-4.71996329017248e-14,227.32243045039866,4.629036709502543e-09,6.137636887615372e-08,SZ
1632797030.000,scene-000251-27,Bicycle,17.095033937770467,-4.80695947994022,-2.9535567955261365e-14,1.7772656879372078e-15,2.920702721240144e-14,-5.851600929567046e-14,226.8220880070728,4.087816307674075e-09,6.550051523390721e-08,SZ
1632797030.000,scene-000251-28,Bicycle,14.350068365990232,-7.374521371907346,-1.5351146572089796e-14,2.6801892089209535e-15,5.6472063066287274e-14,-7.197602774352039e-14,211.8644872130119,-1.310192487835593e-08,1.8056536532640166e-07,SZ
1632797030.000,scene-000251-29,Bicycle,16.202304253476193,-5.599211561664762,-6.348073116477963e-15,-2.6167380352794125e-15,-5.797711173976285e-14,-5.490545866093791e-14,244.92795313738594,2.0411025758448886e-08,-7.976886351457324e-08,SZ
1632797030.000,scene-000251-30,Bicycle,17.003547884844266,-3.073066536593384,-2.4907933187628617e-14,1.543233035908398e-15,3.3188942504352776e-14,-5.0009033024643936e-14,275.3935264955769,2.5384926161109433e-08,-2.1554413365265646e-07,SZ
1632797030.000,scene-000251-31,Bicycle,20.790660717670814,-1.3435582884864854,-2.0308487708074258e-14,-2.8510732316451276e-16,7.614871579851931e-14,-3.2788481607571544e-14,212.24199858474992,1.0318100272854736e-05,3.035452240851555e-05,SZ
1632797030.000,scene-000251-32,Pedestrian,32.56444272868424,3.4300911236543428,0.6427979745871018,0.043474248128615174,-3.51511088024076,-0.9362994610473023,268.22865444693406,4.327337957610661,5.162945850354873,SZ
1632797030.000,scene-000251-33,Bicycle,19.536726906550893,-2.59712434782052,-2.3596784206274167e-14,7.392480251805059e-16,1.2461836516641094e-13,-4.646603487581746e-14,224.0873386039095,1.2361568551000346e-05,2.6270301489716985e-05,SZ
1632797030.000,scene-000251-34,Bicycle,17.57687472381197,-4.4461209731201725,-1.965646100149855e-14,1.2725270957085073e-15,1.5579514606741215e-13,-1.9887209979249208e-14,219.0884172949085,-4.64518734588637e-09,1.2762411927269568e-07,SZ
1632797030.000,scene-000251-35,Bicycle,17.784864844745282,-4.038888584086653,-2.0818456753030654e-14,1.3225527207107693e-15,6.032318479791104e-14,-4.428976736241881e-14,228.64205098696073,6.038341382463841e-09,5.047175477557175e-08,SZ
1632797030.000,scene-000251-36,Bicycle,19.10354992919997,-3.045009666337771,-1.0830419210396224e-14,6.935871201182759e-16,1.991514446405836e-13,-5.563870559318377e-14,203.25882843826832,-2.291959333433624e-08,2.3315828912018333e-07,SZ
1632797030.000,scene-000251-37,Bicycle,18.4590986577187,-3.8511117148047056,-2.479153738816852e-14,-5.334357232935084e-16,7.112759847627379e-14,-5.689668549058341e-14,234.70895832480193,1.2117482128815027e-08,3.4572877893879195e-10,SZ
1632797030.000,scene-000251-38,Bicycle,21.73152474135773,0.1581687967802907,-2.795405957255193e-14,1.0843516047416562e-15,1.5008603959979759e-13,-1.9490158045965067e-14,245.3195318692371,2.0670810840783815e-08,-8.263276640718686e-08,SZ
1632797030.000,scene-000251-39,Bicycle,22.82807102075285,1.1770056670206726,-0.003259829764670449,-0.0013325928453656946,-1.1059583804318152e-11,-4.296191874475497e-12,248.83220824308358,0.6400001372291229,-7.64719914059242e-08,SZ
1632797030.000,scene-000251-41,Bicycle,21.195824080278374,-0.6800764222380559,-2.820667020767849e-14,7.297449283166301e-16,1.1836142316933783e-13,-2.9515170819160556e-14,226.69842494399387,3.95348109805127e-09,6.651852402228542e-08,SZ
1632797030.000,scene-000251-42,Bicycle,24.659237540560152,1.4333575739457753,-3.9297111078507876e-14,8.067021280710477e-16,2.9175819293633325e-14,-1.035810363042137e-14,318.22429934635085,1.4332975695197092e-08,4.16851861473333e-07,SZ
1632797030.000,scene-000251-45,Vehicle,13.755642480764253,-26.42267771248824,-2.4631565899476295e-14,9.480906536622653e-16,5.295015550450121e-14,-2.102802049210497e-13,88.00068394213292,5.041104600422841e-08,-3.961590380185953e-07,SZ
1632797030.000,scene-000251-46,Vehicle,-19.411267058221004,-26.173571421746004,1.8556616412600345e-14,2.3808520017167582e-14,8.819849397409074e-17,-5.266724867676928e-14,92.80373828854147,1.0349344137239314e-07,2.199911932621035e-07,SZ
1632797030.000,scene-000251-48,Vehicle,18.845167735503836,38.14956191910351,-2.0932759161505447e-14,1.3848109153417346e-14,7.722691027400286e-14,1.722642543294245e-13,91.49772118172939,3.270980641900678e-08,-1.0525650395720731e-07,SZ
1632797030.000,scene-000251-49,Vehicle,27.16540186664409,37.66184260684619,-1.234803290392138,-0.01097113335744455,1.6186895743787817,-0.3374255974378129,88.49810041442194,0.0002360173112379016,0.0029539726369876007,SZ
1632797030.000,scene-000251-50,Vehicle,41.697821318458566,40.879929857039784,-3.3569347480727587,0.21402630304650114,0.5146529252706049,2.0055609574913205,91.49810063078667,0.0002360349874379608,0.0029536073705571653,SZ
1632797030.000,scene-000251-51,Vehicle,-4.669655731910208,55.21987188315571,8.085981381914666e-15,2.2585045563468612e-14,-6.454949955029852e-14,5.094495017234522e-13,178.49979936168424,1.5094627769940416e-09,5.529407758331217e-07,SZ
1632797030.000,scene-000251-52,Vehicle,-8.878055437293284,61.54945582317306,2.231867145656288e-14,1.026193684176779e-14,-1.3578045889713459e-13,4.75735626850979e-13,328.3587786936715,5.406132430607613e-08,8.638161830276658e-07,SZ
1632797030.000,scene-000251-54,Vehicle,-12.864173274154664,-43.5830455774869,-0.0001390499041852993,-0.005207064505908012,3.347698191574766e-09,1.2620719250580614e-07,178.4998113049984,-4.197187308818684e-08,3.4356968114934716e-07,SZ
1632797030.000,scene-000251-55,Vehicle,-12.849350148194247,-36.87079143857323,-1.1944062485994062e-05,-1.4444342040029774e-06,7.548888795041843e-05,9.1291159037009e-06,178.49981133443578,-3.358491085236892e-08,2.906432996496733e-07,SZ
1632797030.000,scene-000251-56,Barrier,6.132177049535865,28.067798860889404,0.006720346580390843,0.00431728078883615,0.008466361931825137,0.0025838128677973075,195.30667379966246,9.838250036864338e-08,7.602495202263526e-07,SZ
1632797030.500,ego,AV,-0.0005469158448614574,-0.0008664320420996078,0.0006280075366053629,0.0005564589153626075,0.018737250189324525,-0.010198894306701716,3.538191038846627e-05,0.0020819918002939262,0.00035003265406342247,SZ
1632797030.500,scene-000251-2,Pedestrian,11.59059238777501,27.931038283982442,-0.007764373188598978,-0.03117812911286191,0.019088836732415612,0.06729970522864391,340.51239113088974,2.4882302269388816,2.877072802220937e-09,SZ
1632797030.500,scene-000251-3,Pedestrian,23.669437803933377,-15.71790912615223,1.37048117180931,0.11935818922990997,3.1178422364504703,0.32153313370436815,274.2287755305891,4.173492879802694,-5.226959149548108,SZ
1632797030.500,scene-000251-5,Vehicle,-3.086651217928094,-64.81892482851657,-0.1707308082792304,-3.6946841381188937,-0.21680042914876152,1.4505838110442504,178.50049349580462,-6.63894784083287,1.8158829886088483,SZ
1632797030.500,scene-000251-6,Bicycle,-3.749672346870596,-58.317067849923205,-0.09571743780023127,-4.329222753784285,-0.42376653838357276,2.879440079392463,184.50165334258267,-2.8359511941522726,-6.001972485228308,SZ
1632797030.500,scene-000251-7,Vehicle,-6.8267394615252766,-37.49805736953708,8.522219158774834e-15,6.980540152752298e-14,-4.5923257188712684e-14,7.374556094288204e-13,186.8149397040021,1.1117269593796664e-07,3.694735539738758e-08,SZ
1632797030.500,scene-000251-10,Vehicle,-13.789123390104074,-31.969672639502967,-0.024447033994118836,0.0016486010880583956,-0.12683081701365728,-0.0035046934677183217,91.43512900845167,-0.0038311864906752646,-0.00149243467237928,SZ
1632797030.500,scene-000251-11,Vehicle,-7.071487302190975,-43.85627632285541,-0.01529905506083708,0.009088939624013614,0.03424664156409245,-0.015110547165602138,178.49253396391293,-0.0016938632904839324,0.0017535783946271977,SZ
1632797030.500,scene-000251-13,Vehicle,-8.54264758514806,32.69120526114267,0.9321646698549578,2.440991284470761,-2.889349644353358,-1.4879808024241186,325.5000353817024,26.66708350636702,5.994817799558987,SZ
1632797030.500,scene-000251-14,Vehicle,-25.492764299996576,22.246154533340736,0.44907631722303604,-0.13206891774227955,0.8084893963521702,0.37215005823332425,264.45511508793857,6.272115730908066,-3.594879499258947,SZ
1632797030.500,scene-000251-15,Vehicle,-23.18205744508939,18.50977244605515,0.000626490049778545,-0.0027177905768113624,-0.000381881384625428,-0.006073100566112566,265.94850828341566,-0.574077542700274,-0.0005165587220972157,SZ
1632797030.500,scene-000251-16,Vehicle,-22.605091582136442,14.921256704149366,0.06040005616651537,-0.0018370209810522405,0.04249855303355041,-0.0052554466279614185,270.8364322342128,-0.00020745007492450895,-0.0005079605287789946,SZ
1632797030.500,scene-000251-18,Bicycle,5.395097495362345,27.725101051247904,0.17249096220843316,0.009849320229895866,-0.816457408558927,0.8037830644973759,31.489080641198527,-8.29698731201752,-18.550926785121476,SZ
1632797030.500,scene-000251-19,Vehicle,-4.754324620828989,-3.8622575636530527,0.13039907157375763,-6.1525741435263175,0.06147307283299597,-5.090108540118777,181.50003538225963,3.0009213732456317,0.002396259597944095,SZ
1632797030.500,scene-000251-20,Bicycle,10.027894541989289,28.091419890399447,-0.15943483342323958,-0.18463533005006197,1.1819397690771054,0.2132184377916112,2.267037071681827,-2.286483998868846,-11.887468433112872,SZ
1632797030.500,scene-000251-21,Vehicle,17.353302166788836,9.855764946843088,6.7710193540956185,4.214209197665022,2.0246690418033317,0.7756177092952257,304.5000353817837,-17.52968875118441,0.0003500229302488833,SZ
1632797030.500,scene-000251-23,Bicycle,1.595346850640631,-29.67210193308564,-0.3484605212797656,7.845774306424127,-0.5303386753570478,-2.096022417427669,358.5000353815612,0.002431392620522388,-2.999649985228416,SZ
1632797030.500,scene-000251-24,Vehicle,9.75005624280178,31.74028225792179,-3.5481778101929184,-0.33782152173148405,-2.016188652763189,-1.2924621611229026,92.93414835665533,6.002082163608975,3.1315506795552324,SZ
1632797030.500,scene-000251-25,Bicycle,15.07852954038313,-6.7308464878070735,-2.6737564319647e-14,1.4116647881267805e-14,-1.1523032752224695e-13,8.099749051130175e-14,222.11682263449308,1.1298070035081764e-07,-7.794795919835451e-10,SZ
1632797030.500,scene-000251-26,Bicycle,15.686282989041944,-6.07469971588801,-2.6301263130338832e-14,1.1532148767565448e-14,-1.089419123030475e-13,8.213456801985358e-14,227.32243046762744,1.0116220749978311e-07,-7.08224234813315e-09,SZ
1632797030.500,scene-000251-27,Bicycle,17.095033937770452,-4.80695947994022,-3.349574918378965e-14,1.10744709480432e-14,-4.5047752126514605e-14,9.570483033609443e-14,226.82208802463916,1.0243445558444364e-07,-6.496208015960292e-09,SZ
1632797030.500,scene-000251-28,Bicycle,14.350068365990225,-7.374521371907346,-2.6048286767998235e-14,1.2633628518038192e-14,-9.926062384992103e-14,1.1178978497998934e-13,211.86448723626853,1.262731998963318e-07,1.2466294663227018e-08,SZ
1632797030.500,scene-000251-29,Bicycle,16.202304253476182,-5.599211561664763,-3.675842205051238e-14,1.363077021759255e-14,-6.366428399637479e-14,1.1989549167242575e-13,244.9279531386424,4.1805080286394514e-08,-2.3715216457276256e-08,SZ
1632797030.500,scene-000251-30,Bicycle,17.003547884844256,-3.0730665365933842,-2.243021546923998e-14,6.7512569252438114e-15,-2.3278071630798224e-14,7.084112858198558e-14,275.3935264679753,-7.743864216536167e-08,-2.6978810296895972e-08,SZ
1632797030.500,scene-000251-31,Bicycle,20.790660717670807,-1.343558288486486,-2.1052767679087322e-14,4.770532159571347e-15,-7.912583568257151e-14,5.301103953851498e-14,212.24200543036872,-5.45145356767307e-06,-4.146329047216568e-06,SZ
1632797030.500,scene-000251-32,Pedestrian,32.63277595466773,3.3840428479599978,0.0031811267869085447,-0.12916328516147474,0.9566434890399871,0.2457493278869427,268.31417865169584,0.171048312340929,-4.156289476869981,SZ
1632797030.500,scene-000251-33,Bicycle,19.536726906550886,-2.5971243478205204,-2.6593587024660412e-14,7.473477409492976e-15,-1.3660557643995588e-13,7.340295241306733e-14,224.08734413119006,-1.234254696669268e-05,-5.6407211630471465e-06,SZ
1632797030.500,scene-000251-34,Bicycle,17.576874723811965,-4.446120973120171,-2.095214658665894e-14,1.308488933979679e-14,-1.6097788840805365e-13,6.713665895560231e-14,219.08841731654607,1.1833815705131201e-07,3.056896957787103e-09,SZ
1632797030.500,scene-000251-35,Bicycle,17.784864844745275,-4.038888584086653,-1.6076446839022464e-14,8.427336399183165e-15,-4.135514514187831e-14,7.27089020763084e-14,228.64205100326,9.767472874955274e-08,-8.604629897490668e-09,SZ
1632797030.500,scene-000251-36,Bicycle,19.10354992919997,-3.045009666337772,-2.8127022739353448e-14,7.193431639858639e-15,-2.683378587564125e-13,8.163808367214523e-14,203.25882846039946,1.2647839753299195e-07,2.3585556618854753e-08,SZ
1632797030.500,scene-000251-37,Bicycle,18.45909865771869,-3.8511117148047065,-3.214767106114043e-14,9.961972301032116e-15,-1.0055213316816147e-13,9.88783175878859e-14,234.70895833616726,7.936025525623336e-08,-1.510406377747131e-08,SZ
1632797030.500,scene-000251-38,Bicycle,21.73152474135772,0.1581687967802907,-4.5562236973254547e-14,2.7038363020079544e-15,-2.20518749202608e-13,2.5968096835030256e-14,245.31953187007815,4.024539634883695e-08,-2.397726461822458e-08,SZ
1632797030.500,scene-000251-39,Bicycle,22.826441105869776,1.1763393705976506,-0.00325982976634661,-0.0013325928463263316,4.354940019712927e-12,4.536475362026948e-13,249.15220826527835,0.639999971308626,-6.345143788166752e-08,SZ
1632797030.500,scene-000251-41,Bicycle,21.195824080278364,-0.6800764222380562,-3.7125861595386504e-14,3.920901403831597e-15,-1.5403818872016982e-13,4.227979672122041e-14,226.69842496164225,1.0274451511804727e-07,-6.35061070397569e-09,SZ
1632797030.500,scene-000251-42,Bicycle,24.659237540560135,1.4333575739457753,-3.5281143030407614e-14,9.761216514632471e-16,-1.3111947101232378e-14,1.1035781723990164e-14,318.22429945652357,1.351955631889723e-07,2.7433173954705126e-08,SZ
1632797030.500,scene-000251-45,Vehicle,13.755642480764243,-26.42267771248824,-2.7923253295581726e-14,5.06738699229379e-14,-6.611690508892291e-14,4.0918332199815215e-13,88.00068399053458,-4.209346116113011e-08,-6.418488851522852e-08,SZ
1632797030.500,scene-000251-48,Vehicle,18.84516773550383,38.14956191910351,-2.0073773391095836e-14,-7.076228188919082e-14,-7.379096719236442e-14,-5.107058184998573e-13,91.49772105819738,-1.9328473399582435e-07,-1.724481535347877e-08,SZ
1632797030.500,scene-000251-49,Vehicle,26.688816283678698,37.65756022862286,-0.7945793106027687,0.08060439673436302,0.14220634477869742,0.7037277178050434,88.50003538094637,0.002081932115743257,0.00034998301134692156,SZ
1632797030.500,scene-000251-50,Vehicle,40.03931843378954,41.06422480900591,-3.3658110431862918,0.17632686633090694,-0.5501581057247371,-2.156358704353697,91.50003538211479,0.0020817947661839753,0.00034997811928860756,SZ
1632797030.500,scene-000251-51,Vehicle,-4.669655731910205,55.219871883155726,1.595262367834755e-14,-8.726733826658826e-14,9.601606873603006e-14,-9.488590370436797e-13,178.49979942654133,1.2658858850045362e-07,3.857697095099866e-08,SZ
1632797030.500,scene-000251-52,Vehicle,-8.87805543729328,61.54945582317307,1.0624053883960895e-14,-9.682521625067435e-14,8.900198860672665e-14,-9.040842392207479e-13,328.35877891401293,2.8233961302248645e-07,3.1903113040243625e-08,SZ
1632797030.500,scene-000251-54,Vehicle,-12.864242798865105,-43.58564910063039,-0.0001390492911957803,-0.005207041400932725,-8.95740116194782e-10,-3.3787291388309715e-08,178.49981131444167,7.9127673302537e-08,1.5325911562058536e-07,SZ
1632797030.500,scene-000251-55,Vehicle,-12.849350148194237,-36.87079143857323,5.015903048332361e-06,6.065894320807297e-07,-7.649025813112743e-06,-9.250213593660723e-07,178.4998113495634,2.7208049147020574e-08,9.863041583457743e-08,SZ
1632797030.500,scene-000251-56,Barrier,6.1349262164565985,28.069771030836225,0.000937717880664782,0.002552504886306577,-0.031596876730729376,-0.009642916477915603,195.30667394499335,1.4357571842538164e-07,-6.61300987303548e-08,SZ
1632797031.000,ego,AV,0.0004688334329408548,-0.001059701434849438,0.00015416804627201646,0.0002771893894512324,-0.02063260815065791,0.009081816203056215,0.00018246419930174733,0.0005860063348990252,-0.003534193390391883,SZ
1632797031.000,scene-000251-2,Pedestrian,11.58650810045446,27.913729785063072,-0.013749186729207248,-0.05831966159765534,-0.04302809089484868,-0.1758658351678175,341.75650621374984,2.4882302553276077,3.505725321903199,SZ
1632797031.000,scene-000251-3,Pedestrian,24.48528652869731,-15.646035269977677,1.374669445852351,0.11214347516140934,-3.1010891402783063,-0.3503919899783707,274.8176981123362,-0.002078892154344203,-7.900116205344901,SZ
1632797031.000,scene-000251-5,Vehicle,-3.1649257436746083,-66.51777594304941,-0.07398543063343449,-3.1663843637203337,0.603781939731945,0.6626152865499897,171.85915265341117,1.8165770593815296,13.278525460345904,SZ
1632797031.000,scene-000251-6,Bicycle,-3.8122319723664964,-60.25791902759415,-0.07798124277904557,-3.7065215783052032,0.49471131846831573,-0.38863537747612753,178.66330993773934,-3.000118567028835,5.672347485885865,SZ
1632797031.000,scene-000251-7,Vehicle,-6.826739461525274,-37.498057369537015,1.0423587534230756e-14,5.971837189820303e-14,5.352873069053635e-14,-7.778037279461002e-13,186.81493978338386,1.628212942250684e-08,-1.767915165373779e-07,SZ
1632797031.000,scene-000251-11,Vehicle,-7.077388169855298,-43.852203175115555,-0.013368756255287386,0.01003864398248738,-0.02652544634189368,0.018909364599497228,178.493030464482,-0.0008512434553722414,0.00041437895265517,SZ
1632797031.000,scene-000251-13,Vehicle,-8.295600313376548,33.80581522054074,0.340291702007497,2.1776723880529065,0.5218577729635139,0.4347052167526968,337.5001824328349,24.000586004310478,-2.66853568690766,SZ
1632797031.000,scene-000251-14,Vehicle,-25.274221506239616,22.214439649954215,0.21098177900764506,-0.019188979392894344,-1.7608675492137342,0.07936969516421673,268.50018246486394,4.045506300346098,-6.273567933008174,SZ
1632797031.000,scene-000251-15,Vehicle,-23.182018438091372,18.50882164131141,-0.0009234677652856805,0.0012490278327236082,-0.005817949875631475,0.021940374204252447,265.6620701293012,-0.5747284299115023,-0.0010806946940817852,SZ
1632797031.000,scene-000251-16,Vehicle,-22.57235148856558,14.920794419286613,0.06501581083375195,0.002214194442578743,-0.024035534364604094,0.02146030832248535,270.83692814213106,-0.0008508389849737341,-0.0010703182624212104,SZ
1632797031.000,scene-000251-17,Vehicle,-38.91123598661744,18.77324077382344,0.5218384735629865,-0.07584695628803492,0.2651405657817665,0.13186458499616982,271.50018246353466,0.0009332528631489367,-0.00422956451015466,SZ
1632797031.000,scene-000251-18,Bicycle,5.413916844418415,27.7760272278975,-0.027951477940714745,0.08491265331344483,0.014687647962335515,-0.5035297321631802,24.43064766963957,-13.080319163709518,3.9986459855264798,SZ
1632797031.000,scene-000251-19,Vehicle,-4.679990313622192,-6.964431879206853,0.16983943188501385,-5.0353704712404745,0.0962883684120287,9.558923229262149,184.50018250513727,3.002058740720713,-3.0008374305681116,SZ
1632797031.000,scene-000251-20,Bicycle,10.051937161196884,28.03893778038214,0.1676404398227734,0.0010733905483700627,0.12636132390694654,0.5296164446021171,357.1677933530323,-2.9366062381408256,1.2803129998122529,SZ
1632797031.000,scene-000251-21,Vehicle,21.025928894416893,11.80885573337133,7.98755439712627,3.096221896515596,2.841471130319281,-5.2475669138929355,295.96841171153073,-20.999413993893654,-0.9399926985107925,SZ
1632797031.000,scene-000251-22,Vehicle,-10.661784315010493,0.33363376663093647,1.5935813950601236,-2.008758833827663,-1.2324768078444954,-0.5085134413881107,223.46748824543351,-3.4737336688662452,-7.326701291113196,SZ
1632797031.000,scene-000251-23,Bicycle,1.4269051075102286,-25.884633849283407,-0.1811447473836211,7.557265494322051,1.199601770941626,0.9419871690193915,358.50053184401816,-2.9994139957431685,2.9957670156555736,SZ
1632797031.000,scene-000251-24,Vehicle,7.863890093931009,31.417471725742665,-3.716594109647987,-0.9381046093310632,1.3425234549429188,-1.1086701892754123,94.50018257803094,7.566473037910896,11.99212048856495,SZ
1632797031.000,scene-000251-25,Bicycle,15.078529540383114,-6.730846487807065,-1.3640558807757787e-14,4.808036791646465e-15,1.6761834956980383e-13,-1.1823193486978714e-13,222.116822727162,-1.936783178280166e-09,-2.1398354022039712e-07,SZ
1632797031.000,scene-000251-26,Bicycle,15.686282989041928,-6.074699715888002,-1.6085264991173986e-14,4.363695123712473e-15,1.4980590485970685e-13,-1.1080838259526549e-13,227.32243055156087,-2.4532056386306067e-09,-1.9169720388845235e-07,SZ
1632797031.000,scene-000251-27,Bicycle,17.095033937770438,-4.806959479940212,-7.011691892004069e-15,1.886485183696755e-15,1.5098398129365693e-13,-1.324567733934802e-13,226.82208810950726,-2.408391708286217e-09,-1.9408784623919928e-07,SZ
1632797031.000,scene-000251-28,Bicycle,14.350068365990209,-7.374521371907337,-1.90115398291368e-14,5.405072419134546e-15,1.2740761160536678e-13,-1.4070400937560394e-13,211.8644873392851,-6.356302151289128e-10,-2.396798066683914e-07,SZ
1632797031.000,scene-000251-29,Bicycle,16.202304253476164,-5.599211561664752,-1.7148495263896573e-14,6.71343286511748e-15,1.4210399114283806e-13,-1.4756484108232601e-13,244.92795317919104,-3.304197804254727e-09,-8.091059555681568e-08,SZ
1632797031.000,scene-000251-30,Bicycle,17.003547884844245,-3.073066536593379,-1.3268897372229504e-14,7.616271132204912e-16,5.992334401884013e-14,-9.479964783007885e-14,275.3935264181382,-1.593888576678637e-09,1.414629160478853e-07,SZ
1632797031.000,scene-000251-31,Bicycle,20.790660717670793,-1.3435582884864827,-2.3378134012394502e-14,-2.80980976051862e-15,6.982437034934282e-14,-8.333240721887483e-14,212.24199313329635,6.171771225638167e-06,2.480275713168112e-05,SZ
1632797031.000,scene-000251-32,Pedestrian,32.70110918065123,3.3379945722656497,0.16447623006719347,-0.07940041581487482,-0.3114630759188475,-0.046697850500542815,268.399702759275,0.17104848074068002,2.72904113751693e-07,SZ
1632797031.000,scene-000251-33,Bicycle,19.536726906550868,-2.597124347820515,-1.9242842204705235e-14,-1.323269813048275e-15,1.660085557197766e-13,-1.0858994130323232e-13,224.08732626136253,6.720847387953199e-06,3.642659068248122e-05,SZ
1632797031.000,scene-000251-34,Bicycle,17.576874723811947,-4.446120973120164,-2.4432645088683737e-14,-3.213792728881476e-16,1.4705589439995447e-13,-1.207617334063421e-13,219.08841741324667,-1.5882832826719095e-09,-2.2418071665697425e-07,SZ
1632797031.000,scene-000251-35,Bicycle,17.784864844745265,-4.038888584086647,-2.145716625489451e-14,2.271595309961828e-15,1.9832267478390097e-14,-9.733186643319377e-14,228.64205108463545,-2.5662956204541842e-09,-1.8515091682047569e-07,SZ
1632797031.000,scene-000251-36,Bicycle,19.103549929199946,-3.045009666337766,-2.5875464341811015e-14,-1.5742582944869954e-16,2.7734409234658227e-13,-1.1104151354937457e-13,203.2588285647467,6.659632845185115e-10,-2.413165418602148e-07,SZ
1632797031.000,scene-000251-37,Bicycle,18.459098657718673,-3.8511117148046985,-1.714803494969381e-14,3.3181106647710557e-15,1.6055067761394793e-13,-1.2545376413293015e-13,234.7089584041622,-2.9865816486562835e-09,-1.5088898663861983e-07,SZ
1632797031.000,scene-000251-38,Bicycle,21.731524741357692,0.1581687967802917,-2.4276095335262948e-14,-5.904492479797627e-15,3.0566331575457446e-13,-6.040141196225259e-14,245.3195319094825,-3.3064537774407654e-09,-7.800784374012437e-08,SZ
1632797031.000,scene-000251-39,Bicycle,22.82481119098669,1.175673074174629,-0.003259829766911868,-0.0013325928455898528,-6.615975128854146e-12,2.492269411680237e-12,249.47220821439223,0.6400000737776814,1.712484163363115e-07,SZ
1632797031.000,scene-000251-41,Bicycle,21.195824080278342,-0.6800764222380539,-1.513642206600257e-14,-4.422941877691325e-15,2.4199594683770555e-13,-7.565516984731211e-14,226.69842504673838,-2.3971296059244196e-09,-1.9467086076474516e-07,SZ
1632797031.000,scene-000251-42,Bicycle,24.65923754056012,1.4333575739457747,-1.1424855455088702e-14,-8.7079916225746e-15,1.0853709740250798e-13,-4.977223482014155e-14,318.22429948154644,4.1766156755329575e-08,-4.693433197644481e-08,SZ
1632797031.000,scene-000251-45,Vehicle,13.75564248076423,-26.422677712488202,-2.2312543914163368e-15,3.0835532455419215e-14,1.6888490070558447e-13,-4.88536671868227e-13,88.00068390003943,-1.3773842511000112e-08,1.268588221137179e-07,SZ
1632797031.000,scene-000251-48,Vehicle,18.845167735503814,38.149561919103455,-2.6669839710929244e-14,-7.185949476150215e-14,4.740670191303087e-14,5.063169670106119e-13,91.49772098844466,1.546499106552801e-08,2.745864264852571e-07,SZ
1632797031.000,scene-000251-49,Vehicle,26.365489024372152,37.71269759639241,-0.38635652082840727,-0.006316516302707366,1.4906848143187486,-1.051411369953325,88.50018234653774,0.0005860003225848232,-0.0035340434207000726,SZ
1632797031.000,scene-000251-50,Vehicle,38.39770168241388,41.019013387532276,-2.9805388954501786,-0.08483258541517688,2.09124669666919,1.111720897369362,91.50018242555285,0.0005860131067265684,-0.003533877839743127,SZ
1632797031.000,scene-000251-51,Vehicle,-4.669655731910197,55.21987188315564,-7.947629876895852e-15,-9.984133395317567e-14,-1.916170829570037e-13,8.9856305429733e-13,178.49979948827286,4.00864337279927e-08,-1.3079271354854427e-07,SZ
1632797031.000,scene-000251-52,Vehicle,-8.878055437293275,61.549455823172984,-1.1524181810398943e-14,-9.191927744073647e-14,-1.77594931384166e-13,9.237079944604992e-13,328.3587789760112,8.596444445174711e-08,-1.5030910560653865e-07,SZ
1632797031.000,scene-000251-54,Vehicle,-12.864312323575549,-43.58825262377381,-0.00013904945633655763,-0.005207047611836,2.3517700725207703e-10,8.94367829309961e-09,178.49981138412608,1.1128724253239852e-07,4.358647345270584e-08,SZ
1632797031.000,scene-000251-56,Barrier,6.137675383377336,28.071743200783004,0.02251878494577685,0.009138739027538154,0.11792114499117766,0.035987853042841904,195.3066739432382,3.2252401638288575e-08,-1.7095281634738058e-07,SZ
1632797031.500,ego,AV,-0.00037526320048298007,-0.0005559525918657019,-0.00021476385542256463,0.000197660228235898,0.019156880543879585,-0.009399932847917554,0.0006213882452958104,-0.0014522015900979568,-0.0009052054443955562,SZ
1632797031.500,scene-000251-2,Pedestrian,11.582423813133918,27.896421286143745,0.013749672258878652,0.05675478847130267,0.15302352684719225,0.6361636354436495,343.00062138621735,5.993955548842081,7.011450547124667,SZ
1632797031.500,scene-000251-3,Pedestrian,25.015223476151228,-15.604481702363115,1.2055550780883888,0.11263245285914582,2.424631669222456,0.35234790076931666,274.2266966384347,-3.7266233255422065,-1.344380919226353,SZ
1632797031.500,scene-000251-5,Vehicle,-3.149286987536223,-68.1473692841196,0.09085791316419439,-3.610445140617974,0.05559143545857037,-2.4388583941405475,180.31707055518615,6.639577619513034,-3.633345424905798,SZ
1632797031.500,scene-000251-6,Bicycle,-3.804375541696843,-62.09773955499655,0.07942323995893102,-3.5287211634349753,0.1349066124835906,1.0998370369570427,181.50153477555384,2.8363962917335925,2.99997119393268,SZ
1632797031.500,scene-000251-7,Vehicle,-6.826739461525269,-37.49805736953703,-2.2549346318910926e-15,-1.0250940101093025e-14,-1.0424281935502394e-13,4.97926479948917e-13,186.81493972028423,-6.561882059941126e-08,-2.087818540275066e-08,SZ
1632797031.500,scene-000251-11,Vehicle,-7.085768759770795,-43.84575810240721,-0.016914665396932173,0.013865807135223205,0.01234180977531453,-0.0036007119885539535,178.49168272045756,-0.0012794843378287624,0.0009877628284868933,SZ
1632797031.500,scene-000251-13,Vehicle,-8.151647691195066,34.958242697127524,0.05266788583301938,2.450543779226736,-1.6723530376614244,0.6567803479426217,349.5006213860129,23.99854781945936,1.4977965339758583,SZ
1632797031.500,scene-000251-14,Vehicle,-25.286951139381728,22.21153320283308,-0.05812446956452494,0.0010968522679293497,0.6844425549250542,0.0017736314790780458,268.5006213882847,-0.0014522021001073249,-4.045825499487108,SZ
1632797031.500,scene-000251-15,Vehicle,-23.18242006843949,18.510780345435343,0.0008916409107671095,0.0037690755270853907,0.013078384579842638,-0.011860183426805315,265.3737798535042,-0.575158237394362,0.0016244351770211551,SZ
1632797031.500,scene-000251-16,Vehicle,-22.54017692382482,14.92322575014632,0.06902465036820894,0.004794519192464732,0.040070892502432176,-0.011139009322941401,270.83558139522785,-0.0012777683373457194,0.0016184905399114768,SZ
1632797031.500,scene-000251-17,Vehicle,-38.64174338879017,18.77605157890821,0.5069934983922266,0.13559259683565103,-0.32452046646480426,0.713893627498574,271.5006213882059,-0.0014522010800930296,-0.001252451941125221,SZ
1632797031.500,scene-000251-18,Bicycle,5.4017087334577925,27.79258240138962,-0.021017621872887842,0.055388167366618,0.013047776308972178,0.38543178837587283,18.40876147748901,-4.298341326491041,21.02749165508594,SZ
1632797031.500,scene-000251-19,Vehicle,-4.547948548995633,-9.184783996423404,0.42849963188632195,-5.641102568133891,0.9383524315932028,-11.981851616835815,184.50209412298034,8.39426775200991e-05,-3.0021996046295527,SZ
1632797031.500,scene-000251-20,Bicycle,10.11701480316549,28.049663511413193,0.023594641189357158,-0.07019650606093869,-0.7025445184406116,-0.8146960310393523,359.330430833541,-1.006170999056593,-5.791304841857993,SZ
1632797031.500,scene-000251-21,Vehicle,25.2682793536205,12.932192322960985,8.76862617838928,1.859467472979975,0.28281599473274355,0.30054921975044646,283.50062138789,-18.4696814496952,11.99909479511578,SZ
1632797031.500,scene-000251-22,Vehicle,-9.910374435668414,-0.7361960803730903,1.62941568789335,-2.274333054021807,1.3758139791774022,-0.5537834393884609,221.73061974730055,-8.968757976917324,-6.756583888979762,SZ
1632797031.500,scene-000251-23,Bicycle,1.3709143351962783,-22.053586803371736,-0.27355558185186635,7.636254494571075,-1.569245108814607,-0.626031168023296,355.500621385818,2.998198408276096,14.999094798493076,SZ
1632797031.500,scene-000251-24,Vehicle,6.117783682747994,30.870580959917522,-3.3790811115378454,-1.1279678289698796,0.007528537497636378,0.34921731072014683,100.50062139456622,17.994202652173925,13.427928371968761,SZ
1632797031.500,scene-000251-25,Bicycle,15.078529540383116,-6.730846487807066,-3.965328740533884e-15,9.283769097752347e-15,-1.2891742930090823e-13,1.3613486409421065e-13,222.1168226325563,-1.0100283986957947e-07,4.038412271256675e-09,SZ
1632797031.500,scene-000251-26,Bicycle,15.686282989041928,-6.074699715888004,-5.280946232578743e-15,8.316564364989922e-15,-1.0658862982532591e-13,1.2661985956037526e-13,227.32243046517422,-9.053499638866924e-08,4.97196595006244e-09,SZ
1632797031.500,scene-000251-27,Bicycle,17.09503393777044,-4.8069594799402156,-2.4063294666030875e-15,8.024940908173537e-15,-1.32562531592053e-13,1.5701059629138737e-13,226.82208802223076,-9.165339065475564e-08,4.891901994596992e-09,SZ
1632797031.500,scene-000251-28,Bicycle,14.350068365990207,-7.374521371907339,-4.4869642794695935e-15,8.378645951029639e-15,-6.930930940669791e-14,1.5259830350318432e-13,211.8644872356329,-1.1340661387748696e-07,1.6211174624913838e-09,SZ
1632797031.500,scene-000251-29,Bicycle,16.202304253476164,-5.599211561664755,-1.229007257916369e-15,7.477132985744293e-15,-7.842603911891723e-14,1.5061964156483327e-13,244.9279531353382,-3.9105515270421165e-08,6.35751007393992e-09,SZ
1632797031.500,scene-000251-30,Bicycle,17.00354788484424,-3.073066536593381,-9.759323333054035e-15,8.853981435576855e-15,-4.5885047862138267e-14,1.271690651195043e-13,275.3935264663814,6.402427388252363e-08,2.6834205968384595e-09,SZ
1632797031.500,scene-000251-31,Bicycle,20.790660717670786,-1.3435582884864856,-1.3332388708152708e-14,9.133242141603508e-15,-2.9641389132375615e-14,1.3110461482736336e-13,212.24201160213994,1.935130356400805e-05,-8.601686857900859e-06,SZ
1632797031.500,scene-000251-32,Pedestrian,32.76944240663474,3.2919462965713007,0.15891266474637492,-0.10581435991120862,0.28920881463557324,-0.058957925884792484,268.48522713243653,0.17104858524504274,-0.09549472684365412,SZ
1632797031.500,scene-000251-33,Bicycle,19.536726906550868,-2.5971243478205186,-3.016454520533682e-15,8.477742879101628e-15,-1.0110300498309038e-13,1.4779399207183194e-13,224.08735085203745,2.408404371578854e-05,-9.2820095147772e-06,SZ
1632797031.500,scene-000251-34,Bicycle,17.576874723811944,-4.446120973120167,-9.214965495424149e-15,9.516909824558808e-15,-8.618517602691613e-14,1.601148897961299e-13,219.08841731495778,-1.0584255960566225e-07,3.3981422120632487e-09,SZ
1632797031.500,scene-000251-35,Bicycle,17.784864844745258,-4.038888584086648,-4.676298505414514e-15,9.13163495197328e-15,4.7291203519529893e-14,1.2477202500123957e-13,228.64205100069373,-8.747618807092294e-08,5.172935857444827e-09,SZ
1632797031.500,scene-000251-36,Bicycle,19.10354992919995,-3.0450096663377693,3.7311876697794726e-15,9.423483232538414e-15,-1.589174843002203e-13,1.4936514979732306e-13,203.25882846106543,-1.1483814432722284e-07,-8.500649073539535e-10,SZ
1632797031.500,scene-000251-37,Bicycle,18.459098657718673,-3.851111714804701,-5.841599504099368e-15,8.740008149088171e-15,-1.1532493583157017e-13,1.471413540701986e-13,234.7089583331807,-7.152873138238647e-08,5.899039479118073e-09,SZ
1632797031.500,scene-000251-38,Bicycle,21.7315247413577,0.1581687967802887,1.4768925877488293e-14,8.923724951230864e-15,-1.4948323090356946e-13,1.1971428168636655e-13,245.3195318667717,-3.7762447391287424e-08,6.3558331930835266e-09,SZ
1632797031.500,scene-000251-39,Bicycle,22.82318127610362,1.1750067777516053,-0.003259829762932042,-0.001332592847585789,2.2535282667712764e-11,-1.0476010683935222e-11,249.79220833905603,0.6400001425570423,-2.2226426921179154e-08,SZ
1632797031.500,scene-000251-41,Bicycle,21.195824080278346,-0.680076422238057,-8.909860504618244e-15,9.107929403508046e-15,-2.1708970059216826e-13,1.297786549721096e-13,226.69842495924513,-9.192634564669788e-08,4.871765213465551e-09,SZ
1632797031.500,scene-000251-42,Bicycle,24.65923754056012,1.4333575739457713,-4.284563440449591e-15,9.875027506931767e-15,-7.997592934395152e-14,1.24104311338167e-13,318.2242994982897,8.826123121252749e-08,-6.33008312433958e-08,SZ
1632797031.500,scene-000251-45,Vehicle,13.755642480764234,-26.42267771248821,-1.644243432076044e-14,1.7830538910612318e-14,-2.2572962042296095e-13,4.365166976889994e-13,88.00068397676074,8.47653609525878e-08,2.246531494165538e-08,SZ
1632797031.500,scene-000251-48,Vehicle,18.84516773550381,38.14956191910345,2.0171721870797764e-14,-2.5492816375254684e-14,1.3995954441387717e-13,-3.2085025346562195e-13,91.49772107366238,8.130169248943275e-08,-2.1724986254412215e-08,SZ
1632797031.500,scene-000251-49,Vehicle,26.2939658024578,37.654294858269694,-0.029097493408977996,-0.07493055364254947,-0.06164870464103138,0.7769552205939565,88.50062138126899,-0.0014521113049568157,-0.0009051938521338343,SZ
1632797031.500,scene-000251-50,Vehicle,37.0440003810095,41.041344982035966,-2.683941691693208,0.025724513510154208,-0.9048578816413002,-0.6694925016680375,91.50062139522151,-0.0014520830735591517,-0.0009052205515445166,SZ
1632797031.500,scene-000251-51,Vehicle,-4.669655731910203,55.21987188315564,2.6496036865637362e-14,-2.4958095667981156e-14,3.2939174992713654e-13,-5.99030101156552e-13,178.49979946662782,-4.2041250480906456e-09,-5.906406386202434e-08,SZ
1632797031.500,scene-000251-52,Vehicle,-8.87805543729328,61.549455823172984,3.547267335763488e-14,-4.708844373365185e-14,3.655823520563013e-13,-7.443846596321605e-13,328.35877899997735,1.320305074159478e-07,-1.269485139232529e-07,SZ
1632797031.500,scene-000251-56,Barrier,6.162470874310776,28.079749322761206,0.0742550894612907,0.02076229055342353,0.08902407307087787,0.010506353060699608,195.30667397724574,-2.737709792199894e-08,-8.509316273830336e-08,SZ
1632797032.000,ego,AV,0.0004884648864999221,-0.0009704201356510252,0.0008226760967726455,-0.0005321425072043471,-0.015007120735098745,0.006480721906156573,359.99873026260923,-0.000319199109496531,0.001999489068367666,SZ
1632797032.000,scene-000251-2,Pedestrian,11.590517541783257,27.940454977877845,-0.01719285433352274,-0.008348335398917788,-0.27679363321679784,-0.8965761309245315,347.7504617625919,9.499680802452275,-7.247255248571975,SZ
1632797032.000,scene-000251-3,Pedestrian,25.73281377601001,-15.5538381626847,1.2882737256702934,-0.009490642840131767,-2.0937570788948374,-0.8408402835664271,271.09107478679397,-1.3464598113806971,9.62620074340458,SZ
1632797032.000,scene-000251-5,Vehicle,-3.110328732461202,-70.07254662867184,0.038135845257095534,-3.720459187542348,-0.266479707086966,1.9988022064430524,178.4987302729242,-1.8167683655242683,-6.639030325323915,SZ
1632797032.000,scene-000251-6,Bicycle,-3.7519238107541923,-63.790581101069996,0.12213725261714556,-3.3745662088099837,0.03594943814926721,-0.48321721845707266,181.49970622947293,-0.00014737309615497907,0.16481381317484534,SZ
1632797032.000,scene-000251-7,Vehicle,-6.826739461525278,-37.498057369536994,-2.8049201597670093e-14,1.0918308094298688e-13,1.065751491907966e-15,-2.019039577259729e-14,186.81493971776504,-4.596055980243818e-09,1.040989028311401e-07,SZ
1632797032.000,scene-000251-11,Vehicle,-7.091063897242463,-43.840213207696,-0.0010269464799728782,0.00643793199393344,0.05120906589252265,-0.026110788576605107,178.49175098014413,0.0001365193731146519,0.0028320074218868285,SZ
1632797032.000,scene-000251-13,Vehicle,-8.344731660741802,36.19929416703553,-0.8457513295310981,2.381026174008922,-1.9213238237950447,-0.9348507688138792,1.4987302522942656,25.498382538286336,3.0019994547820374,SZ
1632797032.000,scene-000251-14,Vehicle,-25.274090844172004,22.21106702053518,0.02230007165612554,-0.00543420619304265,-0.3627443900424523,-0.02789786532296603,268.49873026276384,-0.000319199141016302,0.0019994896789898853,SZ
1632797032.000,scene-000251-15,Vehicle,-23.181344922399074,18.511414478882966,0.0013979982760086334,-0.0007683045117342649,-0.011052955118876537,-0.006289336728473309,265.0869118919068,-0.5731039947344767,-0.000628791295469,SZ
1632797032.000,scene-000251-16,Vehicle,-22.50642226798749,14.924337607214655,0.054460911161961105,-0.0001331436441877884,-0.09832584932742336,-0.008571642023668682,270.83565037379367,0.0007676515549430718,-0.0006358737934952785,SZ
1632797032.000,scene-000251-17,Vehicle,-38.40992424291237,18.848212315116097,0.4580579950985495,-0.016694183298618975,0.12877845329009663,-1.323040748035654,271.49873026245456,-0.00031919907797628433,0.00199948845775344,SZ
1632797032.000,scene-000251-18,Bicycle,5.392798520370711,27.80809500797692,-0.014687978853956413,-0.11405864230340072,0.012270795766753564,-1.0632190270559478,20.132306343148528,7.947172491376421,6.532326462251831,SZ
1632797032.000,scene-000251-19,Vehicle,-4.287146655345021,-12.592608468039689,0.4732239902327275,-6.169278789220975,-0.7594549982075793,9.86914673248748,184.5002664478148,-0.00014086390883960576,-3.001072824036342,SZ
1632797032.000,scene-000251-20,Bicycle,10.094861503081972,28.0043115068726,-0.004472953269671497,0.07195499263815701,0.5902741406044969,1.3833020258357347,356.1616223539757,-8.727911079998819,0.4703175822751575,SZ
1632797032.000,scene-000251-21,Vehicle,29.753137106183765,13.782219963196804,9.301190159917844,1.3060935905173516,1.8474399313815155,-2.5140447496009415,277.49873026183553,-9.00031919877787,15.47022873718123,SZ
1632797032.000,scene-000251-22,Vehicle,-9.01317240200676,-1.9807154290743296,1.7804273313888785,-2.7800041243167066,-0.7717674051952876,-1.468900841791143,214.4987302685162,-10.230317557846007,2.969305269373109,SZ
1632797032.000,scene-000251-23,Bicycle,1.082452385060645,-18.34823774557384,-0.7913492599064157,7.116093149651051,-0.501929603403592,-1.4546142116567928,1.4987302522942656,11.999680802749907,9.002348869738555,SZ
1632797032.000,scene-000251-24,Vehicle,4.469676509908014,30.265615194250554,-3.1323629483385993,-1.4611632637420855,0.9793441152993552,-1.6819990498089687,112.4943852302049,20.994401409879657,-1.0413025089040673,SZ
1632797032.000,scene-000251-25,Bicycle,15.078529540383107,-6.730846487807057,-1.3130690375712691e-14,6.018521481150914e-15,9.225598276019304e-14,-1.4919585456061637e-13,222.11682262615915,2.101629092976509e-09,1.4354260713389522e-07,SZ
1632797032.000,scene-000251-26,Bicycle,15.686282989041919,-6.074699715887995,-1.608165526051855e-14,5.002611561933853e-15,6.338579371356672e-14,-1.3987567077259953e-13,227.32243046102587,2.5187603114318335e-09,1.2744584410029347e-07,SZ
1632797032.000,scene-000251-27,Bicycle,17.09503393777043,-4.806959479940206,-2.5995554387189592e-14,3.3172448110143538e-15,3.820563190970694e-14,-1.7584138068002407e-13,226.82208801785387,2.483510286310775e-09,1.2915667468860192e-07,SZ
1632797032.000,scene-000251-28,Bicycle,14.3500683659902,-7.374521371907329,-1.6331308234992345e-14,9.041978440553663e-15,2.193193358460688e-14,-1.4994497354508822e-13,211.8644872258785,9.855014582171862e-10,1.6314685069573898e-07,SZ
1632797032.000,scene-000251-29,Bicycle,16.202304253476157,-5.599211561664745,-2.0568039850043964e-14,6.010599337511362e-15,1.0699087504069208e-15,-1.56485776157765e-13,244.92795314008552,3.0533122696851933e-09,5.001321312647633e-08,SZ
1632797032.000,scene-000251-30,Bicycle,17.003547884844235,-3.0730665365933727,-1.1642655513963376e-14,1.1259407718773503e-15,3.8351719138500917e-14,-1.5808122777430235e-13,275.39352648216254,1.0895320201598224e-09,-1.0002669270647857e-07,SZ
1632797032.000,scene-000251-31,Bicycle,20.790660717670775,-1.3435582884864772,-2.98737215190097e-14,-4.1646806714071556e-16,-3.652394211105232e-14,-1.6930345566234025e-13,212.2420124845999,-2.4299156322626914e-06,-3.394304865622644e-05,SZ
1632797032.000,scene-000251-32,Pedestrian,32.837775632618225,3.245898020876963,0.019871822749278928,-0.04992145287240934,-0.8453721826239573,0.28252955403998964,268.57075134452003,0.0755537538970259,-0.1909896895538683,SZ
1632797032.000,scene-000251-33,Bicycle,19.536726906550857,-2.5971243478205093,-3.2640185931569054e-14,2.0512566649466465e-15,-1.739192066105097e-14,-1.7349993692845185e-13,224.08735034540626,-2.561162133929429e-06,-4.1190642306787595e-05,SZ
1632797032.000,scene-000251-34,Bicycle,17.576874723811933,-4.4461209731201565,-2.3972621220831686e-14,4.886304120258926e-15,2.715455312528604e-14,-1.7863731261332942e-13,219.08841730740411,1.8098589293913392e-09,1.51074274867824e-07,SZ
1632797032.000,scene-000251-35,Bicycle,17.784864844745254,-4.0388885840866395,-2.378648594185645e-14,3.83442902775106e-15,-1.2373195326529767e-13,-1.4596084869812844e-13,228.64205099715926,2.6066473424180003e-09,1.2277540406557819e-07,SZ
1632797032.000,scene-000251-36,Bicycle,19.10354992919994,-3.0450096663377595,-3.1681850482912883e-14,2.4315217858006774e-15,1.7265331689450875e-14,-1.77332995584274e-13,203.25882844990855,-1.8410162283544196e-10,1.6618604092855094e-07,SZ
1632797032.000,scene-000251-37,Bicycle,18.459098657718663,-3.851111714804692,-2.3434413252317733e-14,1.6898856253818944e-15,4.495368083869675e-14,-1.7534184416502373e-13,234.70895833263344,2.91245783046179e-09,9.858903382564677e-08,SZ
1632797032.000,scene-000251-38,Bicycle,21.731524741357692,0.15816879678029622,-3.479960817469023e-14,-2.645454373040754e-15,-4.8790905305144544e-14,-1.6599099898345304e-13,245.31953187172005,3.04938296835644e-09,4.8015092346531674e-08,SZ
1632797032.000,scene-000251-39,Bicycle,22.821551361220546,1.174340481328591,-0.0032598297782221405,-0.001332592840295891,-8.36956667166211e-11,3.9635602092080724e-11,250.11220835694928,0.6400000515512545,-1.417209460896629e-07,SZ
1632797032.000,scene-000251-41,Bicycle,21.195824080278328,-0.6800764222380488,-3.4489264206736474e-14,-1.3666202566865368e-15,1.1477208578369534e-13,-1.716768536128879e-13,226.69842495481203,2.4746356075411313e-09,1.2957449513351094e-07,SZ
1632797032.000,scene-000251-42,Bicycle,24.65923754056011,1.4333575739457791,-3.538573700152195e-14,-4.146765814148711e-15,-4.442876490033792e-14,-1.8019148462248893e-13,318.22429956980767,-2.153467448806623e-08,-1.6695128124410985e-07,SZ
1632797032.000,scene-000251-45,Vehicle,13.755642480764216,-26.42267771248818,-1.7264136616753913e-14,2.5740004338949558e-14,2.2244281123898705e-13,-4.048788359756505e-13,88.00068398480485,8.691472430655267e-09,-1.0409598871774506e-07,SZ
1632797032.000,scene-000251-47,Vehicle,-26.68176719688499,-25.996903237622742,7.86733288718762e-14,2.2204181243693107e-14,1.4922458415773823e-15,-4.1947231466010594e-14,88.50068398518738,3.3695641832309775e-09,-7.815981462044874e-08,SZ
1632797032.000,scene-000251-48,Vehicle,18.845167735503818,38.14956191910342,-3.270076569945881e-14,-3.9332060465509196e-14,-3.514494946949034e-13,2.6549327710460394e-13,91.49772106974638,-6.259995188884204e-09,-1.5531963981629815e-07,SZ
1632797032.000,scene-000251-49,Vehicle,26.278240989580468,37.6682334455702,-0.020741714285789928,0.03925382593965922,0.09507182113378365,-0.32021770226512164,88.49873023523278,-0.00031919352954901115,0.0019993809722507194,SZ
1632797032.000,scene-000251-50,Vehicle,35.647829735207196,41.005513595730804,-2.782926021017103,-0.0990642194342712,0.5089205643457237,0.170337569890336,91.49873034247929,-0.00031920744481794827,-2.998000816792512,SZ
1632797032.000,scene-000251-51,Vehicle,-4.669655731910181,55.2198718831556,-2.1132482580400716e-15,-5.612166824853576e-14,-4.4382889042184623e-13,4.743758108343336e-13,178.49979948406872,-1.8977630134031642e-08,-3.052976182971179e-08,SZ
1632797032.000,scene-000251-52,Vehicle,-8.878055437293252,61.54945582317293,8.189321853078954e-15,-6.078746078950424e-14,-4.747157580745251e-13,6.89588591408751e-13,328.3587791080417,-4.098406947150579e-08,-2.723537164683876e-07,SZ
1632797032.000,scene-000251-56,Barrier,6.1872663652442235,28.087755444739386,-0.021993251589614092,0.003885562497060456,-0.4740174372744971,-0.0780132652861519,195.3066739158611,-5.284076110001479e-08,-2.4830200118231005e-09,SZ
1632797032.500,ego,AV,-5.0056939685455895e-06,-0.0007379136803419943,-0.0008543954925814108,0.0008391432697237363,0.008298834377682519,-0.0009955787984442387,0.00030218913579927944,0.000547287478269709,0.0011659864815228378,SZ
1632797032.500,scene-000251-1,Pedestrian,-12.157732176228068,-17.597895795664094,-0.013518268712593517,1.6536855630168223,0.07976525497505726,0.7083752629376789,5.429138338464128,18.181141095644648,-7.028169841003244,SZ
1632797032.500,scene-000251-2,Pedestrian,11.581637686815247,27.90631004434462,0.05030498716318745,0.03597110232962703,0.5467849992036385,1.0738538818387107,352.50030218866965,-1.2532996997298937,-12.484297901729107,SZ
1632797032.500,scene-000251-3,Pedestrian,26.32787488964841,-15.579482060134163,1.51725850021353,0.07532797187509334,3.0096961770677852,1.1801147424273275,272.88023682705403,5.899577417862373,11.316884398982637,SZ
1632797032.500,scene-000251-5,Vehicle,-3.0958607601560173,-71.78247434449978,0.07715607008865799,-3.3183484714936515,0.422560606413216,-0.39035934224826363,178.50030218966188,0.0005472941891184746,4.817615157805605,SZ
1632797032.500,scene-000251-6,Bicycle,-3.6853872196785984,-65.49087831875599,0.1459576816819558,-3.331846583881721,0.059332278109973546,0.6540957181701277,181.50138740245768,3.001210104908438,6.002041761521568,SZ
1632797032.500,scene-000251-8,Vehicle,-14.48544245518466,-25.89871118345659,0.060607477906157,-0.06765079786163919,0.1749221924914731,-0.13859269753460213,88.49979482312924,4.799250906426948,-2.6630299306727636,SZ
1632797032.500,scene-000251-13,Vehicle,-8.897507353309274,37.32115447883047,-1.1448205403938763,2.202822214955266,0.7250469803439357,0.2220349325992519,14.999003924299217,27.0005472742414,0.003762504987776083,SZ
1632797032.500,scene-000251-14,Vehicle,-25.283736233178658,22.20886067046104,-0.011786379841558772,0.004604778271989166,0.22639858405171506,0.06805380318309331,268.50030218914367,0.0005472875788825604,0.0011659865899091848,SZ
1632797032.500,scene-000251-15,Vehicle,-23.180818002439498,18.511103343962777,0.003128761985157134,0.0012421336844543615,0.017976009955470537,0.014331089513227816,264.8006758587697,-0.575787028689831,-0.0006356845826474,SZ
1632797032.500,scene-000251-16,Vehicle,-22.473176492645973,14.924506670303524,0.11513429205703138,0.0034235763275060364,0.3410193729077047,0.02279852191044398,270.8363490467828,-0.0019136421308409979,-0.0006294437590241841,SZ
1632797032.500,scene-000251-17,Vehicle,-38.187431916724975,18.78872816755875,0.3866433536047323,0.007243668262079542,-0.4144370192653659,1.418792154278448,271.5003021891279,0.0005472873776604104,0.00116598637312193,SZ
1632797032.500,scene-000251-18,Bicycle,5.37340156875012,27.728129918201127,-0.09007345095732001,0.014131502716027223,-0.3138126841802079,1.5759796071336596,26.355933968865443,2.23398513576079,-16.172620912625064,SZ
1632797032.500,scene-000251-19,Vehicle,-4.06364790126337,-15.50622663972432,0.5844082935763438,-7.610438134787703,1.2041922115820447,-15.633784114754377,184.50195325907148,-3.000988881358822,-3.0006634132194137,SZ
1632797032.500,scene-000251-20,Bicycle,10.126922075113146,28.09766560612468,0.05374080357526253,0.0703891037772219,-0.35741911322476094,-1.3895655812794754,350.6025197535422,-0.5358534167814355,13.797558276301004,SZ
1632797032.500,scene-000251-21,Vehicle,34.61467198830355,14.358634774864676,10.104968990037637,1.4748128763727655,1.3676753890976698,3.1889218930225987,274.5003021891121,-2.999452712513971,3.0007052223274817,SZ
1632797032.500,scene-000251-22,Vehicle,-8.105951787885779,-3.5740358164172874,2.0754108732469474,-3.6326888649765476,1.951701572627572,-1.9418381208482263,211.50030218945454,-5.999452707544208,1.2311643488991635,SZ
1632797032.500,scene-000251-23,Bicycle,0.6347746932684452,-15.02320226916276,-0.977885230089469,6.081680112078582,-0.24421427732861956,-2.6830379386331167,7.500302188567943,12.00054727801465,-2.998834021617796,SZ
1632797032.500,scene-000251-24,Vehicle,3.012744408747581,29.352945787141596,-2.7217027391102384,-2.133190152717331,0.6632967216140848,-1.006108506092012,121.49502280444591,16.952900143269858,-3.7836610554565766,SZ
1632797032.500,scene-000251-25,Bicycle,15.0785295403831,-6.7308464878070575,-3.9435179084228885e-14,1.9932850159651514e-14,-1.9747393759425766e-13,2.0485316927461882e-13,222.11682263465792,4.253976726431574e-08,-7.110671162990911e-09,SZ
1632797032.500,scene-000251-26,Bicycle,15.68628298904191,-6.074699715887996,-3.697384308936209e-14,1.9634624051081427e-14,-1.4695454502894082e-13,1.9840372072918983e-13,227.32243046769298,3.691084771162423e-08,-8.545669061277295e-09,SZ
1632797032.500,scene-000251-27,Bicycle,17.095033937770417,-4.806959479940209,-4.282542749425957e-14,1.6009573475174308e-14,-1.0552512433798681e-13,2.2661069533666386e-13,226.82208802471428,3.7503284033846285e-08,-8.424194675171748e-09,SZ
1632797032.500,scene-000251-28,Bicycle,14.35006836599019,-7.374521371907328,-3.6769213144576047e-14,2.4731357023365484e-14,-1.0368355322294161e-13,2.127024878763355e-13,211.8644872366184,4.9740236818252015e-08,-3.282650595792802e-09,SZ
1632797032.500,scene-000251-29,Bicycle,16.202304253476143,-5.599211561664747,-4.439652577872582e-14,1.6442104328017023e-14,-9.63838524651343e-14,1.9821179611978763e-13,244.92795313839153,1.0907697856055165e-08,-1.0412559703354418e-08,SZ
1632797032.500,scene-000251-30,Bicycle,17.003547884844224,-3.0730665365933776,-5.0251464975107496e-14,7.958537549716751e-15,-1.927869569830774e-13,1.8541161488565993e-13,275.3935264674709,-3.600241882395494e-08,-3.772115064748505e-09,SZ
1632797032.500,scene-000251-31,Bicycle,20.790660717670754,-1.3435582884864838,-5.901926387103556e-14,3.1907711633608572e-15,-8.005822729705103e-14,1.8373241258434654e-13,212.2420091722243,-1.4591745092218389e-05,6.932710846285772e-06,SZ
1632797032.500,scene-000251-32,Pedestrian,32.78755507043847,3.241418727314447,-0.12972397292108595,0.0023347558597227604,0.24698899994249757,-0.07350471911146123,268.56078088633353,-0.019941104308825564,-0.09549471140728238,SZ
1632797032.500,scene-000251-33,Bicycle,19.536726906550836,-2.5971243478205146,-5.826934040841719e-14,7.298047793015166e-15,-8.512469724634167e-14,1.9448710144072593e-13,224.08734829087533,-1.7106598598104483e-05,7.354757556754521e-06,SZ
1632797032.500,scene-000251-34,Bicycle,17.57687472381192,-4.44612097312016,-4.410852413087016e-14,1.3570437840011498e-14,-1.0769816476543988e-13,2.133738474923397e-13,219.08841731676765,4.523171526216174e-08,-6.108884065270104e-09,SZ
1632797032.500,scene-000251-35,Bicycle,17.784864844745233,-4.038888584086642,-4.939173223678072e-14,1.283414256442774e-14,2.131096808560061e-14,1.8195970284483517e-13,228.64205100330037,3.529921599465524e-08,-8.84855921867711e-09,SZ
1632797032.500,scene-000251-36,Bicycle,19.10354992919992,-3.045009666337765,-4.753404232055198e-14,7.495782215262633e-15,-8.067409904000721e-14,1.9759003730212182e-13,203.25882846088132,5.13478966013281e-08,7.202629603852984e-10,SZ
1632797032.500,scene-000251-37,Bicycle,18.45909865771865,-3.8511117148046967,-4.963472199625075e-14,1.1145801940388011e-14,-1.497549158144289e-13,2.131655094250482e-13,234.70895833609313,2.7060302443260298e-08,-9.90664261735219e-09,SZ
1632797032.500,scene-000251-38,Bicycle,21.731524741357667,0.15816879678028808,-6.741703183395444e-14,-2.0056434403308654e-15,-8.16787893319124e-14,1.685502427142926e-13,245.3195318698211,1.025264495524425e-08,-1.0400128758192295e-08,SZ
1632797032.500,scene-000251-39,Bicycle,22.819921446337457,1.1736741849055605,-0.003259829721169471,-0.0013325928674995135,3.119063514411824e-10,-1.4845009162905987e-10,250.4322083906073,0.6400000008360891,7.674913149458007e-09,SZ
1632797032.500,scene-000251-41,Bicycle,21.195824080278314,-0.6800764222380563,-4.4979621323662915e-14,3.553545118886652e-16,-1.56733514251401e-13,1.7856475268718873e-13,226.69842496171975,3.7648149486813054e-08,-8.393683970098209e-09,SZ
1632797032.500,scene-000251-42,Bicycle,24.659237540560085,1.4333575739457691,-6.733530928149266e-14,-6.610640545838803e-15,-8.33695242195447e-14,1.7033598569572856e-13,318.22429947675505,-7.869005003158236e-08,6.070192171137023e-08,SZ
1632797032.500,scene-000251-45,Vehicle,13.755642480764214,-26.422677712488174,-3.174057061264044e-14,9.237226446161951e-14,-2.8034854722253317e-13,6.714078764663304e-13,88.00068398545221,-1.933062776515726e-08,-2.961851919280889e-08,SZ
1632797032.500,scene-000251-46,Vehicle,-19.41126705822094,-26.173571421745933,3.951513451942252e-14,1.0348214910283847e-13,1.667861599148359e-14,1.1640615194530596e-13,92.80373820576062,3.568737838577363e-08,-4.6924213847887586e-08,SZ
1632797032.500,scene-000251-47,Vehicle,-26.681767196884955,-25.996903237622725,5.544310152388332e-14,7.265985574313146e-14,-9.441315523354886e-14,2.43769929463764e-13,88.50068398540128,-2.0086531549168285e-08,-2.414742539258441e-08,SZ
1632797032.500,scene-000251-48,Vehicle,18.845167735503782,38.1495619191034,-5.989891565538659e-14,-1.1560689078195063e-13,2.426568948711924e-13,-5.705925983703696e-13,91.49772106740238,-7.40179473268654e-08,2.162249757020618e-08,SZ
1632797032.500,scene-000251-49,Vehicle,26.275582886446813,37.66691506504803,0.001766854486205281,-0.006363509446066906,-0.0050375460458028124,0.13774836072221713,88.50030218773944,0.0005472696672939037,0.0011659672924508868,SZ
1632797032.500,scene-000251-50,Vehicle,34.334010532504195,41.019197279730676,-2.444293315270235,0.23764615039519152,0.8456102586417522,1.1765039094275154,91.5003021877767,-2.999452899866071,0.001165994251181246,SZ
1632797032.500,scene-000251-51,Vehicle,-4.669655731910199,55.21987188315557,8.602308757526681e-15,-1.7688087279393591e-13,4.866911184841133e-13,-9.574126290159342e-13,178.49979944765016,-3.4733886877802433e-08,5.580668016591517e-08,SZ
1632797032.500,scene-000251-52,Vehicle,-8.878055437293266,61.549455823172906,1.7035167521261327e-14,-1.787199187099973e-13,5.100991407472545e-13,-1.1613184230907234e-12,328.3587789589933,-1.4032320905243978e-07,1.1498944729737559e-07,SZ
1632797032.500,scene-000251-53,Vehicle,-12.48452845658499,56.828779792246124,9.203562497347547e-14,-3.139227010951372e-13,6.90495780377222e-14,-2.471542382075327e-13,136.49897276660232,-1.6155749449353607e-07,1.887854921278631e-07,SZ
1632797032.500,scene-000251-56,Barrier,6.151778938980099,28.079262479139384,-0.05043369508689315,-0.039225602272595674,0.3602556632853808,-0.09443139379247259,195.306673924405,-2.986011793382204e-08,1.0014393581059267e-07,SZ
1632797033.000,ego,AV,0.00022607164522600573,-0.00045749069005408225,0.0010205464259095,0.00025314610189105955,-0.0007990667037188755,-0.0013484098728864683,359.99927755008747,0.0008467873720263068,-0.0012045229137100932,SZ
1632797033.000,scene-000251-1,Pedestrian,-12.231567318665139,-16.821018727329758,-0.43591563094100266,1.176797468237953,-1.769354703888694,-2.6159276420531548,16.12681255129897,13.714679264478065,-19.972960212227036,SZ
1632797033.000,scene-000251-2,Pedestrian,11.628333561019963,27.986066743330788,0.04286902110100808,0.1381345187980669,-0.5765288634523561,-0.6652002159649509,346.497162062862,-2.984617099276832,7.290345624613963,SZ
1632797033.000,scene-000251-3,Pedestrian,27.175648887533985,-15.481246238117405,1.2997029426194446,0.1437303027435272,-3.8799184074441264,-0.906505418953592,276.9906522046563,9.97042458760194,-2.3734557270019803,SZ
1632797033.000,scene-000251-5,Vehicle,-3.0438324305872766,-73.44695793977395,0.05221768563182425,-3.2526147930956943,-0.5223141442405509,0.6532940558400924,178.49927756711332,3.0008467922813367,2.9987954534941537,SZ
1632797033.000,scene-000251-6,Bicycle,-3.564767380868892,-67.17474522779821,0.41697059996683206,-3.6030322160324273,1.024719395029531,-1.73883824677295,184.50091633438137,6.001894388425413,9.000100803166092,SZ
1632797033.000,scene-000251-8,Vehicle,-14.452099688387941,-25.936714429976874,0.035111096845135685,-0.058069709014769606,-0.27690771673555825,0.17691705292208043,91.49927759527537,3.0013541683837843,-4.79990818665118,SZ
1632797033.000,scene-000251-10,Vehicle,-13.85218411988134,-31.968870226057607,0.13175971352258972,0.002046560792963012,0.2517962150270241,0.0038230612316420155,91.43243053848909,0.004403266981739762,-0.005639446513157509,SZ
1632797033.000,scene-000251-13,Vehicle,-9.537987074055858,38.41951525770127,-1.7344989887777313,2.1290115101644465,-3.0837607738793507,-0.5172777517625331,28.499277526535664,25.502145043274112,-3.0012044863956504,SZ
1632797033.000,scene-000251-14,Vehicle,-25.277289780632934,22.215272647288476,0.005651828944532526,0.012248853624868307,-0.15664574890734986,-0.03747750177157673,268.4992775503427,0.0008467874488928828,-0.0012045232673310036,SZ
1632797033.000,scene-000251-15,Vehicle,-23.178665121285864,18.512577875589518,0.0021657604626233685,0.002780150013229285,-0.021828016045605598,-0.008179024198128118,264.511124863217,-0.5737396793171285,0.002603055085856454,SZ
1632797033.000,scene-000251-16,Vehicle,-22.43852297599088,14.926432824794434,-0.1076023274104444,-0.0009898561871634454,-1.231965850777608,-0.04045225196912191,270.83373673166284,0.00013820779591355858,0.0026048849875870417,SZ
1632797033.000,scene-000251-17,Vehicle,-38.012505540379884,18.86831333670382,0.37988080567742427,0.10832563977664467,0.3873868275561334,-1.0144642682201879,271.49927754983224,0.0008467872951456457,-0.001204522560099619,SZ
1632797033.000,scene-000251-18,Bicycle,5.3389650310154355,27.81379272039568,0.05198084655158386,0.09171890595184148,0.8820298742158235,-1.2656299941904023,22.366291478909318,-8.225448421248643,-0.9858734046251243,SZ
1632797033.000,scene-000251-19,Vehicle,-3.728007302680095,-20.112513630335616,0.5439789514514518,-8.50839964540378,-1.3659095800816128,12.041938072290115,181.49927756645596,-3.0008042771282533,3.0013757854090812,SZ
1632797033.000,scene-000251-20,Bicycle,10.118348090398516,28.056436779622917,-0.06957073713211484,-0.04075977124514406,-0.13582704960474856,0.9449700811900117,355.62576893719427,5.069647196302185,3.503711154853562,SZ
1632797033.000,scene-000251-21,Vehicle,39.84023313897175,15.12747426279414,10.801510076659502,0.8661807015756018,1.4184889573898047,-5.623450592211253,274.49927754932156,-5.999613976450388,-0.0022484808861094052,SZ
1632797033.000,scene-000251-22,Vehicle,-7.0243603629351385,-5.496501489107712,1.8508014100530548,-3.7839567759773955,-2.850139425403139,1.3367664768448346,208.499277560972,-8.999153208946844,-6.001204538658811,SZ
1632797033.000,scene-000251-23,Bicycle,0.1257809785857666,-12.25103203249673,-1.0371382585849787,5.140420680497293,0.007202163346581081,-1.081999787692041,13.499277530308916,9.000846781132111,-6.001204493859163,SZ
1632797033.000,scene-000251-24,Vehicle,1.7601417527080199,28.2113500435068,-2.2380346384204124,-2.331667029851106,1.2713756811452228,0.21220099755691635,129.44728537347478,17.21074035442308,-2.716671778274204,SZ
1632797033.000,scene-000251-25,Bicycle,15.078529540383075,-6.730846487807038,-2.0975131942598853e-14,2.6160558762458797e-14,2.7131412616077784e-13,-1.7994233486338972e-13,222.11682266869894,-5.009042070014402e-09,-7.603762242069934e-08,SZ
1632797033.000,scene-000251-26,Bicycle,15.686282989041889,-6.074699715887977,-1.7211370000858646e-14,2.3040302597755468e-14,2.2600443738295463e-13,-1.847810065424937e-13,227.32243049793672,-6.026915855272819e-09,-6.647199768394785e-08,SZ
1632797033.000,scene-000251-27,Bicycle,17.095033937770395,-4.806959479940191,-1.5865556363802188e-14,2.3238660097701198e-14,2.133646088598164e-13,-1.9769434884655636e-13,226.82208805535714,-5.940684388860973e-09,-6.7475738774192e-08,SZ
1632797033.000,scene-000251-28,Bicycle,14.35006836599017,-7.374521371907306,-1.778023680552903e-14,2.525935642100319e-14,1.7963945857912974e-13,-2.1059049028578466e-13,211.86448727561873,-2.297149137575616e-09,-8.853854183143994e-08,SZ
1632797033.000,scene-000251-29,Bicycle,16.20230425347612,-5.599211561664729,-1.500867776308282e-14,2.4144252678034073e-14,2.1393524452770634e-13,-1.6740320271971942e-13,244.92795315099323,-7.359247433669225e-09,-2.257895914681285e-08,SZ
1632797033.000,scene-000251-30,Bicycle,17.003547884844195,-3.073066536593364,-2.1830587386439707e-14,2.0330614211263157e-14,3.064704673377485e-13,-1.3592330823947432e-13,275.3935264461601,-2.6825830445886822e-09,5.781897982615192e-08,SZ
1632797033.000,scene-000251-31,Bicycle,20.79066071767073,-1.343558288486472,-1.1160889943287167e-14,1.8295538893351607e-14,2.714917230080446e-13,-1.2331334166438356e-13,212.24199789285484,4.502795214023081e-06,2.3029271083885305e-05,SZ
1632797033.000,scene-000251-32,Pedestrian,32.73733450825871,3.2369394337519513,-0.10362267722201254,-0.013169093316553486,-0.14258381714620394,0.011489322406356257,268.5508102402112,-0.019940957510256485,2.709797379818468e-07,SZ
1632797033.000,scene-000251-33,Bicycle,19.53672690655081,-2.597124347820501,-1.1394119381201243e-14,1.9382722085899828e-14,2.726255813552054e-13,-1.4614840426918726e-13,224.08733323880764,4.793595422825092e-06,2.8678796013537067e-05,SZ
1632797033.000,scene-000251-34,Bicycle,17.576874723811898,-4.446120973120143,-1.2756102983717753e-14,2.0768002292706352e-14,2.3310784935404956e-13,-1.8458358968156028e-13,219.08841735263582,-4.2990251358787646e-09,-8.064932899287669e-08,SZ
1632797033.000,scene-000251-35,Bicycle,17.784864844745215,-4.038888584086627,-1.312568791185375e-14,1.94359879693485e-14,1.2375320921410727e-13,-1.5555232122515212e-13,228.64205103245848,-6.241918981686467e-09,-6.374372674144979e-08,SZ
1632797033.000,scene-000251-36,Bicycle,19.1035499291999,-3.0450096663377506,-1.2661083035712264e-14,2.0876054535156305e-14,2.201659361793661e-13,-1.4406894802254716e-13,203.25882850125646,5.361613375498564e-10,-9.18523710424779e-08,SZ
1632797033.000,scene-000251-37,Bicycle,18.459098657718624,-3.8511117148046803,-1.250580156351232e-14,2.300482334967583e-14,2.9827059754538257e-13,-1.6572942378789693e-13,234.70895835969375,-6.994191892317758e-09,-4.982945966958141e-08,SZ
1632797033.000,scene-000251-38,Bicycle,21.73152474135764,0.15816879678029705,-1.5276495581537056e-14,1.566403174517742e-14,2.9024093434158195e-13,-9.787154197225946e-14,245.3195318819727,-7.350752895263213e-09,-2.147256950024712e-08,SZ
1632797033.000,scene-000251-39,Bicycle,22.81829153145436,1.1730078884825466,-0.003259829934217947,-0.0013325927659722573,-1.1641002519574561e-09,5.545591165098673e-10,250.75220835778538,0.6400000592261677,1.0984523157731019e-07,SZ
1632797033.000,scene-000251-41,Bicycle,21.19582408027829,-0.6800764222380459,-2.0071353299444957e-14,1.7264681393284317e-14,2.5636658634827287e-13,-1.1092744516160613e-13,226.6984249924602,-5.919055467984435e-09,-6.772127392196126e-08,SZ
1632797033.000,scene-000251-42,Bicycle,24.659237540560056,1.4333575739457765,-1.5017256964552554e-14,1.4602116442901667e-14,2.926417334873052e-13,-8.54849577407667e-14,318.2242994911176,3.9167247223304e-08,6.187943313307187e-08,SZ
1632797033.000,scene-000251-45,Vehicle,13.755642480764187,-26.422677712488102,-2.630383751510838e-14,7.372914341623851e-14,3.020954796126614e-13,-7.459803606478544e-13,88.00068396547417,-2.0927046762153623e-08,4.741332304547541e-08,SZ
1632797033.000,scene-000251-46,Vehicle,-19.411267058220925,-26.173571421745887,2.065205254496084e-15,4.104583075443563e-14,-1.6647833305118935e-13,-3.661514253389174e-13,92.80373823048433,1.0245088333249441e-08,-6.0829023595943e-08,SZ
1632797033.000,scene-000251-47,Vehicle,-26.68176719688494,-25.996903237622682,-2.0177859481674047e-15,4.953319102143215e-14,-1.3543039465465406e-13,-3.362765883505613e-13,88.50068396510085,-2.0777861209353432e-08,4.851528956351103e-08,SZ
1632797033.000,scene-000251-48,Vehicle,18.845167735503775,38.14956191910333,1.650104344736907e-14,-5.2463710299566476e-14,6.294294153983025e-14,8.231653202999062e-13,91.4977209957284,1.5362502381321974e-08,1.292735873903439e-07,SZ
1632797033.000,scene-000251-49,Vehicle,26.275858559488,37.67057949335077,-0.0006202842138350142,0.00027649852802783394,-0.004511008754358369,-0.11118832882583819,88.49927750490008,0.0008467737629018757,-0.0012044603144545363,SZ
1632797033.000,scene-000251-50,Vehicle,33.2055832663104,41.12959222608725,-2.0933795312827455,-0.10704860000783457,0.5580448773082018,-2.5552829110396194,88.49927744261319,0.0008467868063632977,5.998795772303936,SZ
1632797033.000,scene-000251-51,Vehicle,-4.669655731910169,55.21987188315545,4.231100048274386e-14,-1.3163868763344682e-13,-3.518563515832446e-13,1.1383813696578905e-12,178.49979944933483,3.6829050031883526e-08,2.0584764115483267e-08,SZ
1632797033.000,scene-000251-52,Vehicle,-8.87805543729323,61.54945582317277,5.156770049869378e-14,-1.6224927557383875e-13,-3.7196900883752467e-13,1.2272009956353577e-12,328.3587789677185,7.40053778258698e-08,1.18411058736001e-07,SZ
1632797033.000,scene-000251-53,Vehicle,-12.48452845658495,56.82877979224599,3.314545834445156e-14,-1.2038475702435668e-13,-3.046102445538179e-13,1.0213060144906547e-12,136.49897267525634,-4.5215330146675115e-08,2.5303702955170593e-07,SZ
1632797033.000,scene-000251-55,Vehicle,-12.849350148194207,-36.87079143857305,-4.7052379403611336e-07,-5.69019517910483e-08,3.2598843392179636e-06,3.942282522686499e-07,178.49981137949362,-1.3159706213627942e-08,-2.7946619951535465e-08,SZ
1632797033.000,scene-000251-56,Barrier,6.1570586470285225,28.05997194557988,0.04248172264298067,-0.013684148363724813,0.011406007634114479,0.19659720942795605,195.30667388600097,4.730317471057788e-08,1.4047827789909206e-07,SZ
1632797033.500,ego,AV,0.00040626461180723854,-0.0005065956580331924,-0.0007601683764018841,-0.0004638195434351628,-0.006323792505526662,-0.001519452708418422,0.0011489765078255862,-0.0006572354354403842,-0.0016612912413049793,SZ
1632797033.500,scene-000251-1,Pedestrian,-12.510262574280954,-16.378667301506844,-0.3580015958407144,0.9544955289748626,2.081010844289847,1.7267198850007959,19.143817602942192,-1.7918191165823885,-19.53582076971756,SZ
1632797033.500,scene-000251-2,Pedestrian,11.608136479506099,28.007388981138586,-0.0627883154221092,0.017964443241891684,0.1538995173598871,0.18451991374025006,349.51568508939283,6.037045924884069,9.021662966482992,SZ
1632797033.500,scene-000251-3,Pedestrian,27.644209117854036,-15.418074532415698,1.1819350985424488,0.3181959834615879,3.4088470311361414,1.604368141825834,282.850661414656,3.5261216908603927,-17.866923560850907,SZ
1632797033.500,scene-000251-5,Vehicle,-3.0423860719873668,-75.0623462027297,0.03482131639594817,-3.3504235055031177,0.4527286672970467,-1.0445289054697895,181.50114898194323,2.999342747683272,1.9164502362047529,SZ
1632797033.500,scene-000251-6,Bicycle,-3.2651374570055314,-69.13093421808699,0.7076584944891182,-4.096359947974587,0.13803218305961185,-0.23447268099568674,187.50328179088308,12.00131090807453,8.999575676384708,SZ
1632797033.500,scene-000251-8,Vehicle,-14.452689855715946,-25.946182140762705,-0.004536268474409725,0.01510389008403326,0.11831825545737665,0.11577734347313101,91.50114899151305,-0.0006572802242317266,-3.002168682245241,SZ
1632797033.500,scene-000251-10,Vehicle,-13.78659631222956,-31.967710804442003,0.06705836510873897,0.0019076427997881742,-0.5106016086824272,-0.0043787332043413695,91.43518043747667,0.0006902209349277655,-0.008435101442586301,SZ
1632797033.500,scene-000251-13,Vehicle,-10.646200225795027,39.405104619398855,-2.409340739409718,1.784832587797249,0.38439377135139985,-0.8594379377062547,40.50114896757333,23.999342787845748,-4.261627437474772,SZ
1632797033.500,scene-000251-14,Vehicle,-25.283085222997073,22.216533169226437,-0.006914874847062137,-0.007565200179073093,0.10637893374097121,-0.04177871344418885,268.50114897659256,-0.0006572356884484432,-0.0016612913746165692,SZ
1632797033.500,scene-000251-15,Vehicle,-23.17959537439502,18.511688154269326,-0.004456035568787723,-0.008853871898078172,-0.004659168080038762,-0.03835706344710169,264.22693617945254,-0.5731839736039728,-0.004164333466363246,SZ
1632797033.500,scene-000251-16,Vehicle,-22.557919399280028,14.92384161924079,-0.19318242221958531,-0.003454457955257327,0.8896454715410446,0.030593844896746387,270.83648725457874,0.0006912428567460438,-0.004169405761885514,SZ
1632797033.500,scene-000251-17,Vehicle,-37.806503881118516,18.85405294004548,0.379401637324325,-0.04859759244828304,-0.3893035009685313,0.38677133932047714,271.50114897642305,-0.0006572351824392086,-0.0016612911079789683,SZ
1632797033.500,scene-000251-18,Bicycle,5.404744206070059,27.778178056829294,0.07020588867061604,-0.08071829475439096,-0.8091297057396951,0.5758811913654726,18.1304855476168,1.2481117311356655,10.391810449611143,SZ
1632797033.500,scene-000251-19,Vehicle,-3.5483726571729304,-23.523968232862533,0.3313273651604877,-6.462412842426469,0.515303234917756,-3.857990860380866,181.50114898194323,0.00038690405025931796,2.9999897696394413,SZ
1632797033.500,scene-000251-20,Bicycle,10.07174300904563,28.071181485495117,-0.1065322514519031,-0.0662547425740141,-0.012019007674404253,-1.046949966505492,355.6721669498444,2.9678577380721265,-5.748000927033104,SZ
1632797033.500,scene-000251-21,Vehicle,45.451096624688304,15.234308445591799,11.707538521632884,0.3145063416875631,2.205624822503708,3.4167531526590986,268.50068821266177,-3.0017011934000832,5.999260236455484,SZ
1632797033.500,scene-000251-22,Vehicle,-6.322176175364518,-7.314190852590932,1.224037161668397,-3.672414248155738,0.34308243186451115,-0.8905963655581939,202.5011489805077,-12.000657246203026,-0.0016612973865832714,SZ
1632797033.500,scene-000251-23,Bicycle,-0.418916884458759,-9.815471225571141,-1.1957112019338416,4.603023427481953,-0.6414939367420311,-1.0675892243693177,16.501148969700054,5.999342784155488,-9.001661280467971,SZ
1632797033.500,scene-000251-24,Vehicle,0.7460495523439493,26.971227628669812,-1.9263278456299033,-2.830450678708952,-0.024548509983181255,-2.2073355929883007,138.70576315886902,14.236228364995654,-6.490589539196023,SZ
1632797033.500,scene-000251-25,Bicycle,15.078529540383082,-6.730846487807038,1.6754296490609255e-14,-7.335533809070166e-15,-1.203964124279454e-13,4.5957964577273846e-14,222.11682262964888,-3.349786226181095e-08,9.587310501046886e-09,SZ
1632797033.500,scene-000251-26,Bicycle,15.686282989041894,-6.074699715887978,9.896053765183146e-15,-5.2144240780882635e-15,-1.1757474231878744e-13,7.176209983911876e-14,227.32243046166607,-2.956114997232362e-08,1.2217853395668499e-08,SZ
1632797033.500,scene-000251-27,Bicycle,17.095033937770403,-4.8069594799401925,2.1022524658256287e-14,-7.711874020164809e-15,-6.581228477158246e-14,7.389221237509231e-14,226.82208801877357,-2.997245474034571e-08,1.1987197012786055e-08,SZ
1632797033.500,scene-000251-28,Bicycle,14.350068365990174,-7.374521371907308,1.1966891039078634e-14,-8.52923130696172e-15,-6.065094720069905e-14,7.543613937392502e-14,211.86448723432127,-3.8798312118615286e-08,3.1212863405016833e-09,SZ
1632797033.500,scene-000251-29,Bicycle,16.20230425347613,-5.599211561664729,1.9166108539845067e-14,-6.43770467613829e-15,-7.72360993159948e-14,4.507537330302999e-14,244.92795313103227,-1.1671261290757684e-08,1.6873357822078106e-08,SZ
1632797033.500,scene-000251-30,Bicycle,17.003547884844206,-3.0730665365933634,3.0992404156851295e-14,-4.0158661035573606e-15,-9.517850116458451e-14,3.8537386980192235e-14,275.39352646478835,2.1816561002196977e-08,9.063938932740712e-09,SZ
1632797033.500,scene-000251-31,Bicycle,20.79066071767074,-1.3435582884864714,1.83976953529722e-14,-1.765939481956759e-15,-1.5325738182300713e-13,4.3067428163150107e-14,212.24201367501954,8.437525991666917e-06,-9.458668074557863e-06,SZ
1632797033.500,scene-000251-32,Pedestrian,32.687113946078995,3.23246014018945,-0.058432064347728185,-0.0034099053434900025,0.3233462686433414,0.02754742948589768,268.5408399288233,-0.01994083332908758,-6.429127097362652e-08,SZ
1632797033.500,scene-000251-33,Bicycle,19.536726906550822,-2.597124347820501,1.8580689642010147e-14,-2.228343104502842e-15,-1.527263452623599e-13,5.970414350757659e-14,224.08735308447075,1.1572197422538011e-05,-1.0958632628899068e-05,SZ
1632797033.500,scene-000251-34,Bicycle,17.576874723811905,-4.446120973120145,9.867807774529136e-15,-6.0482482014241345e-15,-1.4261220632106195e-13,7.731858770503834e-14,219.08841731246864,-3.541761373071495e-08,7.83709452889525e-09,SZ
1632797033.500,scene-000251-35,Bicycle,17.78486484474522,-4.038888584086628,1.662935559298369e-14,-5.312966150609721e-15,-4.733035194757475e-15,5.6556504745319253e-14,228.64205099705845,-2.844451074679455e-08,1.2801926629890659e-08,SZ
1632797033.500,scene-000251-36,Bicycle,19.103549929199907,-3.04500966633775,1.291324617218901e-14,-3.0703368055754475e-15,-1.1786861934776107e-13,4.8283382659620126e-14,203.2588284614175,-4.0504474441149796e-08,-3.196817033312982e-09,SZ
1632797033.500,scene-000251-37,Bicycle,18.459098657718634,-3.8511117148046803,1.4392799959088004e-14,-4.57729075237743e-15,-1.906761914549813e-13,5.540096737968387e-14,234.70895832909895,-2.2769157226321113e-08,1.50168375512294e-08,SZ
1632797033.500,scene-000251-38,Bicycle,21.73152474135765,0.15816879678029827,2.1941603796087642e-14,4.67293965236058e-16,-1.4136853683108318e-13,3.7084590852494e-14,245.31953186247034,-1.1219924545002868e-08,1.6896009924494138e-08,SZ
1632797033.500,scene-000251-39,Bicycle,22.816661616571306,1.1723415920595273,-0.0032598291388635492,-0.0013325931448110462,4.345517843132307e-09,-2.0699142686333993e-09,251.07220844983345,0.6400001106813278,-4.735213110507175e-09,SZ
1632797033.500,scene-000251-41,Bicycle,21.195824080278296,-0.6800764222380448,1.8683624157427707e-14,-1.361633484161618e-16,-1.0134667652078223e-13,4.1324066194804216e-14,226.6984249558007,-3.007313154057556e-08,1.1929614629480056e-08,SZ
1632797033.500,scene-000251-42,Bicycle,24.659237540560067,1.433357573945778,2.082292677568783e-14,1.4928799562396546e-15,-1.4928099852634368e-13,3.3048011794118625e-14,318.2242995159223,-1.681061689851049e-08,-4.419064225658076e-08,SZ
1632797033.500,scene-000251-45,Vehicle,13.755642480764193,-26.422677712488117,9.058228236255913e-15,-4.622832496172545e-14,-1.6064721660720426e-13,2.6615048713599843e-13,88.00068396452517,2.808269528031815e-08,5.121577828504087e-08,SZ
1632797033.500,scene-000251-46,Vehicle,-19.411267058220936,-26.173571421745894,-2.6459673464603846e-14,-3.3186369319747936e-14,5.2378818174789626e-14,6.922262504218309e-14,92.80373821600574,-2.5141645210169372e-08,-1.3170648571758647e-08,SZ
1632797033.500,scene-000251-47,Vehicle,-26.68176719688495,-25.996903237622686,-2.6055675658410698e-14,-3.6313517028026975e-14,3.927883581368084e-14,-7.110243847275129e-15,88.50068396462342,2.8428758014342748e-08,5.107796141601284e-08,SZ
1632797033.500,scene-000251-48,Vehicle,18.845167735503786,38.14956191910335,1.5211023938713315e-14,2.703378296097442e-14,-6.810301957445324e-14,-5.051753472577427e-13,91.49772108276488,5.5255640063478495e-08,-4.882264192929142e-08,SZ
1632797033.500,scene-000251-49,Vehicle,26.27625935245685,37.66706725043177,0.004773078429362852,0.006170627636397302,0.026084459327149836,0.13476484525931606,88.50114896150234,-0.0006571906471606326,-0.0016612676397755877,SZ
1632797033.500,scene-000251-50,Vehicle,32.123076033077,41.01263979978404,-2.4477955561619615,0.15120336995632994,-1.9757089768250626,3.588290790896277,91.50114897458309,2.9993428724378646,-2.501661282145932,SZ
1632797033.500,scene-000251-51,Vehicle,-4.6696557319101695,55.21987188315546,-1.986983587877327e-15,6.394716114363301e-14,1.7466441530075985e-13,-3.560379745495714e-13,178.49979948447924,-1.4149122762319166e-08,-6.722765988342871e-08,SZ
1632797033.500,scene-000251-52,Vehicle,-8.87805543729323,61.54945582317278,-1.0143148788006401e-14,6.033086638444411e-14,1.2512561169072394e-13,-3.368804278022262e-13,328.35877903299865,-2.1912150316438783e-08,-9.652936228121689e-08,SZ
1632797033.500,scene-000251-53,Vehicle,-12.484528456584954,56.828779792246,-1.1454637623251646e-14,7.070813871726171e-14,1.2620986068300509e-13,-2.569344315241809e-13,136.498972721387,9.147953505816986e-08,2.5950015469788923e-08,SZ
1632797033.500,scene-000251-54,Vehicle,-12.864659947127773,-43.60127023949112,-0.00013904964396768598,-0.005207054816697434,-3.852819095663193e-10,-1.4707567431299085e-08,178.49981131132483,-3.890488642355194e-08,1.8031784065897227e-08,SZ
1632797033.500,scene-000251-55,Vehicle,-12.849350148194215,-36.87079143857306,1.2607644997703065e-07,1.5246797882369986e-08,-8.734833631653875e-07,-1.0563325357497669e-07,178.49981137040055,-2.8312967970123282e-08,-2.7956730264122598e-09,SZ
1632797033.500,scene-000251-56,Barrier,6.176349180485628,28.065251653727685,0.02792825354814516,0.009897243257301845,-0.06961988401345645,-0.10227164294384943,195.30667397170816,1.1061815996527002e-07,-1.299633822782198e-08,SZ
1632797034.000,ego,AV,1.8166537701949984e-05,-0.0007297948655550288,0.0007726964345537024,-3.1692981156087394e-05,0.012455251749349007,0.003247958957534724,359.99862031465204,-0.0008145038692786725,0.0014248437107501556,SZ
1632797034.000,scene-000251-1,Pedestrian,-12.58753963585666,-15.795568949785952,-0.2679118888452632,1.1579190811254285,-1.7206520163080428,-0.913025676398532,14.33499343471658,-5.8211415052394955,0.4540747000158234,SZ
1632797034.000,scene-000251-2,Pedestrian,11.58793939799224,28.028711218946373,-0.03408073757890347,0.045874561927877935,-0.03906920598706404,-0.07287943899630506,352.5342079877461,6.03704586720616,-4.697454869528883e-08,SZ
1632797034.000,scene-000251-3,Pedestrian,28.409634654031212,-15.199743899208096,1.3764712621941229,0.2724997968659767,-2.630702376529447,-1.7871528882082792,280.51677389551674,-7.896498973248967,-11.05810093098988,SZ
1632797034.000,scene-000251-5,Vehicle,-2.9874140551413357,-76.67259661038386,0.14700730146002822,-2.699523208551298,-0.003984727040726166,3.648130093277068,181.4986203147966,4.9172970284860895,-5.998575119873763,SZ
1632797034.000,scene-000251-6,Bicycle,-2.8662736011849055,-71.19221425619753,0.9433581001806158,-4.116342162465136,0.8047662397063777,0.15454382303349945,196.5022272424559,15.001470064810121,-5.999653442059184,SZ
1632797034.000,scene-000251-8,Vehicle,-14.456650093719567,-25.9370131352393,-0.044268454937253364,-0.004138082895925637,-0.27724700130875124,-0.19274523539296662,91.49862031505114,-0.0008145138614565894,0.0014249403293433716,SZ
1632797034.000,scene-000251-10,Vehicle,-13.789102045808416,-31.96705831441786,-0.021500729520004997,0.0011943378463758123,0.15636523016745124,0.0015255133906919198,91.43312075942401,-0.0040318344608465395,-0.0031202095346429815,SZ
1632797034.000,scene-000251-13,Vehicle,-11.886878959370783,40.23610628230454,-2.721489365472947,1.6312042862661738,-1.6329882756043084,0.24492473158194983,52.49862031438141,21.24051760579934,-0.0638257296159992,SZ
1632797034.000,scene-000251-14,Vehicle,-25.28050487699689,22.20897930249522,0.0027170922599806593,-0.019748121668114904,-0.06785106531280002,-0.006952972511978392,268.49862031465426,-0.0008145039257236864,0.0014248442565332198,SZ
1632797034.000,scene-000251-15,Vehicle,-23.18028942234879,18.512670739593197,0.005912575434975565,0.03319252160116156,0.046133612095091925,0.20654263744406068,263.93794088961306,-0.5779040127834918,-0.003118813736705306,SZ
1632797034.000,scene-000251-16,Vehicle,-22.563904665804863,14.924730721264918,0.1280418774048995,0.004595066831099768,0.39525172695689503,0.001604254248681998,270.8344279745196,-0.0040311979659719555,-0.0031208208560542516,SZ
1632797034.000,scene-000251-17,Vehicle,-37.64516851684649,18.855414138841958,0.30653478622564473,0.008669542845310152,0.0978360965738092,-0.15770279814610433,271.49862031464977,-0.0008145038128333226,0.0014248431649637183,SZ
1632797034.000,scene-000251-18,Bicycle,5.413753135726441,27.759497847323825,0.11592422703198238,-0.0946149653653989,0.9920030591851604,-0.6314678738095044,23.614403210044983,2.1663620283624994,-3.330519028001902,SZ
1632797034.000,scene-000251-19,Vehicle,-3.361937074182216,-27.039885379416344,0.3271329588938712,-7.206179479374711,-0.5320808599842228,0.8829243125879032,181.49966447050622,-0.0008145074888119552,-0.0006634327101409099,SZ
1632797034.000,scene-000251-20,Bicycle,10.04534069746706,28.038368647806745,0.05765538535098672,0.19736995064417012,0.6687695548859637,2.1014487393782284,358.5936266752664,-0.6783537307309189,-2.9097741240877326,SZ
1632797034.000,scene-000251-21,Vehicle,51.5467371739442,15.69612273609629,12.607360046643688,1.287684771487051,1.393661277539465,0.4759605665388511,271.49757635592147,-0.000353739994900959,-2.992782573109179,SZ
1632797034.000,scene-000251-22,Vehicle,-5.695317713941728,-9.336599431619705,1.227305837233819,-4.5669738864716125,-0.33000772960282454,-2.687642187705297,196.49862031476897,-9.000814506333427,6.0014248710750735,SZ
1632797034.000,scene-000251-23,Bicycle,-1.0426735254154942,-7.648823041185654,-1.1907439576872203,4.060739557441344,0.6613629137285164,-1.1015462557931208,19.498620314464404,-0.000814499335859864,3.001424797085889,SZ
1632797034.000,scene-000251-24,Vehicle,-0.23232825478197106,25.361514643814417,-2.0114740239999205,-3.4455426534673936,-0.3160362034968811,-0.25303230604545135,143.68351373847042,10.720150815227058,-1.872564086470149,SZ
1632797034.000,scene-000251-25,Bicycle,15.078529540383078,-6.7308464878070335,-2.4725771947035166e-14,2.9826929064825625e-14,-4.5523861322632256e-14,1.0269188691830926e-13,222.11682263520106,4.578268431032484e-09,3.5774434081758955e-08,SZ
1632797034.000,scene-000251-26,Bicycle,15.686282989041889,-6.074699715887972,-2.237284505987394e-14,2.97918168238021e-14,-1.150085298144091e-14,6.826286376844266e-14,227.32243046837556,6.190944645823038e-09,2.4908800355660787e-08,SZ
1632797034.000,scene-000251-27,Bicycle,17.095033937770403,-4.806959479940187,-2.559197812361696e-14,2.892511805576105e-14,-1.2064572635591048e-13,7.265575592861109e-14,226.8220880253847,6.04651972935244e-09,2.596948434074875e-08,SZ
1632797034.000,scene-000251-28,Bicycle,14.350068365990172,-7.374521371907303,-1.9429186314384005e-14,3.01738508796467e-14,-6.493336221315145e-14,7.937618937250871e-14,211.86448723682042,8.241372029260674e-10,5.52851844304314e-08,SZ
1632797034.000,scene-000251-29,Bicycle,16.20230425347613,-5.599211561664725,-1.9023192250691432e-14,2.8251918617522842e-14,-7.552110384615118e-14,9.368311987161455e-14,244.92795313932197,9.51411038840888e-09,-1.2104393931622326e-08,SZ
1632797034.000,scene-000251-30,Bicycle,17.00354788484421,-3.073066536593359,-1.6873900949753457e-14,2.5042738053070418e-14,-9.628671926183449e-14,7.769702964631886e-14,275.39352646797664,6.381355888152029e-09,-5.244284029259916e-08,SZ
1632797034.000,scene-000251-31,Bicycle,20.790660717670736,-1.343558288486466,-1.9797327322995623e-14,2.47394450323305e-14,4.772911191357967e-16,6.295410989399892e-14,212.24200633038083,-4.955872874745637e-06,-2.0617227903585444e-05,SZ
1632797034.000,scene-000251-32,Pedestrian,32.68120078017455,3.2326700348190602,0.0005485661079489197,0.001192321093167364,-0.08742374682063295,-0.009138523739268215,268.5308694068821,-0.01994102180152879,-2.9572442694636436e-07,SZ
1632797034.000,scene-000251-33,Bicycle,19.53672690655082,-2.5971243478204946,-2.0296075041233323e-14,2.6834143959516797e-14,-2.7807134706139747e-15,5.654580474850197e-14,224.08734481100507,-6.1650372060739755e-06,-2.5832676691095457e-05,SZ
1632797034.000,scene-000251-34,Bicycle,17.576874723811898,-4.446120973120139,-2.6715128114398796e-14,3.007034310399394e-14,-3.719537234649728e-15,6.7155777516634e-14,219.08841731721822,3.5380693930164853e-09,4.185594093542022e-08,SZ
1632797034.000,scene-000251-35,Bicycle,17.784864844745222,-4.038888584086623,-1.0759170314475008e-14,2.846122922409414e-14,-1.0482106843507732e-13,7.85402767534961e-14,228.64205100401395,6.560007648204191e-09,2.2099484908721934e-08,SZ
1632797034.000,scene-000251-36,Bicycle,19.103549929199904,-3.045009666337745,-1.767561958024076e-14,2.604425105545037e-14,-4.486843661958021e-15,6.817496878448313e-14,203.258828460752,-2.6606556957631256e-09,6.858093115624797e-08,SZ
1632797034.000,scene-000251-37,Bicycle,18.459098657718627,-3.851111714804675,-2.374911620003669e-14,2.72787627690384e-14,3.810852681848253e-14,7.202324670597944e-14,234.70895833692458,8.022659869766358e-09,9.095586506191466e-09,SZ
1632797034.000,scene-000251-38,Bicycle,21.73152474135765,0.15816879678030377,-8.54107338440449e-15,2.276788818777153e-14,1.9437828109114644e-14,5.211778603764788e-14,245.31953187075277,9.545257029230925e-09,-1.287540385419561e-08,SZ
1632797034.000,scene-000251-39,Bicycle,22.815031702315483,1.171675295337741,-0.0032598283435872687,-0.0013325935236171889,-1.164412713819396e-09,5.546896978195215e-10,251.3922084684667,0.640000054490951,-1.096227606467437e-07,SZ
1632797034.000,scene-000251-41,Bicycle,21.195824080278296,-0.6800764222380391,-1.2030579184659857e-14,2.391413470166106e-14,-2.1510136847568043e-14,5.487712600550462e-14,226.69842496238704,6.010566266922979e-09,2.6231404604004638e-08,SZ
1632797034.000,scene-000251-42,Bicycle,24.659237540560063,1.4333575739457838,-2.5641885992592747e-14,2.3391195507295917e-14,-3.6578252546778596e-14,5.4545250410106433e-14,318.224299474307,-5.023395033276756e-09,-1.5015558574305032e-08,SZ
1632797034.000,scene-000251-45,Vehicle,13.755642480764182,-26.42267771248811,-4.190349853911978e-14,6.855159228505729e-14,-4.319969049429858e-14,1.9296918185113237e-13,88.00068399355692,3.0288731522887247e-08,-9.173334092338337e-08,SZ
1632797034.000,scene-000251-46,Vehicle,-19.411267058220943,-26.173571421745898,-2.8079217600957233e-15,2.7750800306147094e-14,4.222818864324287e-14,1.7452605346139706e-13,92.80373820534265,-2.925560238509206e-09,4.5296900452740374e-08,SZ
1632797034.000,scene-000251-47,Vehicle,-26.68176719688496,-25.996903237622696,-3.4092178220482595e-16,1.0455748799463716e-14,6.358017969114264e-14,1.9418730715723794e-13,88.50068399352963,3.030010020665941e-08,-9.221196251019137e-08,SZ
1632797034.000,scene-000251-48,Vehicle,18.845167735503793,38.14956191910333,2.9236271161792695e-14,-5.5671421544331204e-14,1.2420400846677077e-13,1.7435452923652008e-13,91.49772105098407,-3.346013954796945e-08,-8.481381996716664e-08,SZ
1632797034.000,scene-000251-49,Vehicle,26.280335318360923,37.67056618235101,0.008388523733916832,-0.025038875072188944,-0.011622678108933908,-0.25960285609366107,88.49862031425292,-0.000814493876873712,0.0014247470931252337,SZ
1632797034.000,scene-000251-50,Vehicle,30.811223618639552,41.20208506679455,-2.4815961300944878,-0.06280783557365449,1.8405066810949648,-4.444335613016215,91.49862031505108,-2.5008144953395686,-4.498575451311126,SZ
1632797034.000,scene-000251-51,Vehicle,-4.6696557319101535,55.219871883155456,5.623113267817822e-14,-8.151739279547919e-14,5.820804976346244e-14,-2.258202412068772e-13,178.4997994351857,-3.039860985154519e-08,4.8550287345960896e-08,SZ
1632797034.000,scene-000251-52,Vehicle,-8.878055437293217,61.549455823172764,7.427002294454385e-14,-1.2170675410954368e-13,2.125270752394771e-13,-3.91270054173725e-13,328.3587789458063,-2.252398445534709e-08,-6.48866702590567e-08,SZ
1632797034.000,scene-000251-53,Vehicle,-12.48452845658494,56.828779792245996,7.662193836696404e-14,-1.198152336990842e-13,2.2609644327785762e-13,-5.051590581412028e-13,136.4989727667359,-1.926531467688619e-08,1.5097953109943774e-08,SZ
1632797034.000,scene-000251-54,Vehicle,-12.864729471838231,-43.60387376263461,-0.00013904887849256305,-0.005207025550663898,3.4471824008567437e-09,1.3177170157460671e-07,178.49981129089394,-2.2078125994084985e-08,7.522140776927699e-08,SZ
1632797034.000,scene-000251-55,Vehicle,-12.849350148194224,-36.870791438573065,-3.3782112453419596e-08,-4.085325003559944e-09,2.3404911344358654e-07,2.8304762031256996e-08,178.49981135118065,-1.5955379240040202e-08,6.759577786397131e-08,SZ
1632797034.000,scene-000251-56,Barrier,6.185288924912685,28.062819455283314,0.015186930469413962,-0.008819766444866886,0.018654591698531613,0.0274036041351745,195.30667399661914,3.43068364827559e-08,8.795588257726195e-08,SZ
1632797034.500,ego,AV,0.0007655238157431455,-0.0006445325364988888,-0.00017506213819748378,-0.00023702980273466616,-0.01624628604035375,-0.004069306243849038,0.00033447263854691363,0.0007676082753097715,0.0012623678398706096,SZ
1632797034.500,scene-000251-1,Pedestrian,-12.79825335549317,-15.25171061386797,-0.29829553605152614,1.1755682723566654,1.5991174274829913,0.9836224413234742,13.322676097702697,-1.337744416566565,13.93703363118901,SZ
1632797034.500,scene-000251-2,Pedestrian,11.567742316478382,28.050033456754136,-0.04325371242857715,0.054404162739895005,0.002377306588369349,0.10699784224437331,355.55273095659896,6.03704587790952,2.7141766167915193e-08,SZ
1632797034.500,scene-000251-3,Pedestrian,28.99485363371295,-15.167338348601998,1.4160469478345425,0.09622193195670616,2.7890051190911276,1.082041428571197,274.954162441407,-7.531979240129488,7.45388985400659,SZ
1632797034.500,scene-000251-5,Vehicle,-2.9597758481976073,-77.85933940376857,-0.12718917949750433,-2.6334428665249283,-1.092801196789404,-3.3838087251715887,186.4184460104293,-2.999232372190491,-8.393915035127975,SZ
1632797034.500,scene-000251-6,Bicycle,-2.287199100774774,-73.32744384540005,1.3865392421729625,-4.6173291660432465,0.9679583282630091,-2.1584918373459274,202.5047518556932,6.001657466015345,-24.002293088442613,SZ
1632797034.500,scene-000251-7,Vehicle,-6.826739461525294,-37.49805736953686,3.558155996493252e-14,-3.112442341692432e-14,4.9838857758174105e-14,-9.20556077153317e-14,186.81493971180373,3.1318535320679075e-08,-3.996913733317342e-08,SZ
1632797034.500,scene-000251-8,Vehicle,-14.481482025068505,-25.94684141820612,0.008857072108065083,-0.002507223160818622,0.48974910949002504,0.19926867433339468,91.50033447765156,0.000767660105111645,0.0012623970779941374,SZ
1632797034.500,scene-000251-10,Vehicle,-13.788811545334177,-31.96646613611634,0.005653154343584229,0.0007830157686975732,-0.04774969471309434,-0.0031708017014048778,91.4311486030158,-0.002429988599715216,0.0014162242361237531,SZ
1632797034.500,scene-000251-13,Vehicle,-13.395159319177187,40.96476561944587,-3.1984563589914545,1.0483162674201472,-0.2748796984697215,-2.576476806966059,61.74166657337267,23.93551705822975,0.6712172874301814,SZ
1632797034.500,scene-000251-14,Vehicle,-25.283134163372356,22.20134294255676,-0.004247136444558645,-0.00458367316653101,0.039994150494642805,0.06761076651831398,268.50033447266685,0.0007676085680889955,0.001262368005029657,SZ
1632797034.500,scene-000251-15,Vehicle,-23.17650450089743,18.529327508935477,-0.0006490251855687641,-0.018080086509658973,-0.07238001457726924,-0.41163306988734283,263.64903216666903,-0.5763027873406799,0.0014144712409773774,SZ
1632797034.500,scene-000251-16,Vehicle,-22.49150143719696,14.926654238140827,0.07952268509839952,0.001949904031083121,-0.5893284961828946,-0.012184905448748583,270.8324560566127,-0.002429577999308208,0.0014164198154418273,SZ
1632797034.500,scene-000251-17,Vehicle,-37.47984834490543,18.856239909099322,0.35439243505162876,0.027041235390092244,0.09359449873012737,0.23118956832523269,271.50033447261023,0.0007676079825245097,0.0012623676747063328,SZ
1632797034.500,scene-000251-18,Bicycle,5.484132575794113,27.701301709751203,-0.05757257845422256,-0.00207992625256002,-1.68599028112998,1.0016080302608599,20.2968475759793,-2.0824072968662364,-6.6779785600249255,SZ
1632797034.500,scene-000251-19,Vehicle,-3.262865934721683,-30.600366752095603,0.07318113397151288,-7.17126035547311,-0.48372643970521056,-0.7432478169815049,181.5003344744544,-0.0002765286598815919,0.0012623784309653274,SZ
1632797034.500,scene-000251-20,Bicycle,10.095483348153621,28.26925011101941,0.018352744695905556,0.46518669314309125,-0.8259801175062884,-1.0301817693825441,354.99381321911346,0.05808361398439388,7.185322839086211,SZ
1632797034.500,scene-000251-21,Vehicle,57.99079304258497,16.276927168235495,13.10119979917236,0.7904669082264151,0.581697732575222,-2.4648320195813946,268.50033447266685,-5.994483766509262,-11.98826005302871,SZ
1632797034.500,scene-000251-22,Vehicle,-5.1267410792105,-11.746824465951281,1.0393500663204345,-4.655491886119909,-0.4218153540507137,2.3335701891120983,193.50033447417428,-5.999232375127946,3.001262376867402,SZ
1632797034.500,scene-000251-23,Bicycle,-1.661159349087107,-5.754241460980467,-1.4947677550873655,3.5213969302967185,-1.8774581033290971,-1.0558242527853832,16.500334470364194,9.000767581241377,21.00126235160377,SZ
1632797034.500,scene-000251-24,Vehicle,-1.1515276933862717,23.58401155914612,-1.4132395327517424,-3.71067512456363,2.7089741684896014,-0.8074975783394827,149.4259139740961,12.363664278525505,3.6910401094482808,SZ
1632797034.500,scene-000251-25,Bicycle,15.078529540383066,-6.730846487807018,-1.3774478030082126e-14,5.267368950184211e-15,8.932903699044443e-14,-2.009301273768749e-13,222.11682263422716,2.2765860308027186e-09,-1.1838359625926387e-08,SZ
1632797034.500,scene-000251-26,Bicycle,15.686282989041878,-6.0746997158879585,-1.632794285330091e-14,3.2867081832964076e-15,3.5680461807733025e-14,-1.7428329833046546e-13,227.322430467857,-4.652349616662832e-09,-1.2443344132861967e-08,SZ
1632797034.500,scene-000251-27,Bicycle,17.095033937770385,-4.806959479940174,-2.5236022527803486e-14,3.921882679336406e-15,1.2206954873916442e-13,-1.7266869743430967e-13,226.82208802482012,-4.002963294169604e-09,-1.2410225735948188e-08,SZ
1632797034.500,scene-000251-28,Bicycle,14.35006836599016,-7.374521371907289,-1.9515274072754644e-14,5.073379188791451e-15,6.458901117966897e-14,-1.7977807613592968e-13,211.86448723514542,1.6486879417243472e-08,-8.975938214916823e-09,SZ
1632797034.500,scene-000251-29,Bicycle,16.202304253476115,-5.599211561664711,-2.8338467828291364e-14,5.340511088262701e-15,3.82600015357515e-14,-1.853287499886551e-13,244.92795314054638,-2.377565522238001e-08,-1.0377263492955535e-08,SZ
1632797034.500,scene-000251-30,Bicycle,17.003547884844195,-3.073066536593347,-2.7445646576246487e-14,2.4327184779895936e-15,5.399973675586237e-14,-1.6813710794664217e-13,275.3935264711697,-3.062627929040218e-08,2.8406645924405893e-09,SZ
1632797034.500,scene-000251-31,Bicycle,20.790660717670725,-1.343558288486455,-2.447351435220172e-14,1.3959639393486582e-15,-1.9182039235960154e-14,-1.5632803426592634e-13,212.24200871914667,-1.2179701911918528e-05,8.471568008872055e-06,SZ
1632797034.500,scene-000251-32,Pedestrian,32.67528761427009,3.2328799294486736,-0.014720190937496967,0.0011593565261627567,0.026348718638849425,0.009006665471249783,268.5208989070218,-0.019941129053514528,3.468090881142416e-08,SZ
1632797034.500,scene-000251-33,Bicycle,19.536726906550808,-2.597124347820483,-2.2661517768288873e-14,1.4731776304506834e-15,-6.68105743760815e-15,-1.5798967006476643e-13,224.08734691943354,-1.4260479268557447e-05,9.420401596571537e-06,SZ
1632797034.500,scene-000251-34,Bicycle,17.576874723811887,-4.446120973120125,-9.588705680948991e-15,3.006427185864887e-15,7.222522696844897e-14,-1.7541144118915023e-13,219.0884173160067,6.438327204705274e-09,-1.122033665978961e-08,SZ
1632797034.500,scene-000251-35,Bicycle,17.784864844745208,-4.038888584086609,-3.7541520553492675e-14,3.3785301364489668e-15,-2.308332520993342e-15,-1.7887107310407683e-13,228.64205100361846,-6.345018732645258e-09,-1.2504777657795785e-08,SZ
1632797034.500,scene-000251-36,Bicycle,19.103549929199893,-3.045009666337733,-2.747589614243799e-14,2.810207688688621e-15,-3.47142625868309e-14,-1.6111114225153015e-13,203.25882845875685,2.8076456715098175e-08,-4.995072799829359e-09,SZ
1632797034.500,scene-000251-37,Bicycle,18.459098657718616,-3.8511117148046625,-2.597774552295627e-14,2.0436500402388604e-15,-4.7023044110160884e-14,-1.7296369762117761e-13,234.7089583371216,-1.3673563614702289e-08,-1.2317684650042793e-08,SZ
1632797034.500,scene-000251-38,Bicycle,21.731524741357642,0.1581687967803135,-3.0409874404075694e-14,-1.1198063844054247e-16,-1.0691303218779936e-13,-1.4363726134249616e-13,245.3195318720156,-2.409532839919848e-08,-1.0266287375770844e-08,SZ
1632797034.500,scene-000251-39,Bicycle,22.813401788059654,1.1710089986159584,-0.0032598285566998236,-0.0013325934221332467,3.119624940317589e-10,-1.4875392931323894e-10,251.7122085043244,0.6400000010585636,1.6353151721659742e-08,SZ
1632797034.500,scene-000251-41,Bicycle,21.195824080278285,-0.6800764222380288,-3.451015363719729e-14,4.0289386938546046e-16,-6.840816096258172e-14,-1.48922089334607e-13,226.69842496181127,-3.841719831143564e-09,-1.2401429216879478e-08,SZ
1632797034.500,scene-000251-42,Bicycle,24.65923754056005,1.4333575739457938,-2.4836793169331875e-14,-4.66660287359988e-16,3.979862383982216e-14,-1.4997667358873004e-13,318.2242995108989,-3.182617547281552e-08,5.754370135946374e-08,SZ
1632797034.500,scene-000251-45,Vehicle,13.755642480764164,-26.422677712488074,-1.1974490662200825e-14,2.7817340695132385e-14,1.6291572200197438e-13,-3.5590618821083205e-13,88.0006839948139,-6.365064564306522e-08,-3.95537824715575e-08,SZ
1632797034.500,scene-000251-46,Vehicle,-19.41126705822094,-26.173571421745876,1.6375078432183734e-14,2.876457845917458e-14,3.4503812125875e-14,-1.7047094084928708e-13,92.80373821308012,2.0155255242571002e-08,3.070968546126096e-08,SZ
1632797034.500,scene-000251-47,Vehicle,-26.68176719688495,-25.99690323762268,2.741936278723e-14,3.712308597577811e-14,4.7460958586596715e-14,-8.751795845198036e-14,88.50068399492352,-6.378320449584862e-08,-3.932177605747711e-08,SZ
1632797034.500,scene-000251-48,Vehicle,18.845167735503804,38.14956191910331,-2.557469822186907e-14,-1.7510917511679636e-14,-3.434478860014178e-13,-2.1712513105913814e-14,91.49772104930474,-2.9558179903688142e-08,5.1477968554536346e-08,SZ
1632797034.500,scene-000251-49,Vehicle,26.283087213835724,37.65255916421192,0.002639994908210692,0.006936355333268451,-0.011371437193890648,0.3875037777154906,88.50033446762546,0.0007675564459646012,0.0012623386012649007,SZ
1632797034.500,scene-000251-50,Vehicle,29.699950138584228,40.95463976097499,-2.164575290416711,-0.24797226051600146,-0.57242332238385,3.7036779132468274,89.00033447924349,-1.4992325788732614,3.0012623639352682,SZ
1632797034.500,scene-000251-51,Vehicle,-4.669655731910127,55.2198718831554,3.2857837748800494e-14,-1.215706672721704e-13,-1.517012294809734e-13,6.560714330011238e-14,178.4997994540806,3.440116458364173e-08,5.7514845034726626e-08,SZ
1632797034.500,scene-000251-52,Vehicle,-8.878055437293181,61.5494558231727,1.1491006029073094e-14,-4.2462055547935495e-14,-4.636431429013602e-13,7.082488484201578e-13,328.3587790104747,-8.679882057549548e-08,1.1016211942660448e-07,SZ
1632797034.500,scene-000251-53,Vehicle,-12.484528456584902,56.828779792245925,1.4052974211039062e-14,-6.040540952259103e-14,-4.763722999015576e-13,7.427983548471753e-13,136.49897270212165,1.0657748816811363e-07,-4.807554887520382e-08,SZ
1632797034.500,scene-000251-54,Vehicle,-12.864798996028687,-43.60647726590015,-0.00013904824754797028,-0.0052070014348378464,-9.234040304314031e-10,-3.530839736906599e-08,178.49981128924668,3.631652134572505e-08,1.8858060002457933e-08,SZ
1632797034.500,scene-000251-55,Vehicle,-12.849350148194233,-36.87079143857302,9.051893255237372e-09,1.0947152946905126e-09,-6.271309060895866e-08,-7.584600838255168e-09,178.49981135444517,3.9282809893848025e-08,2.2067581539886305e-08,SZ
1632797034.500,scene-000251-56,Barrier,6.194228669339743,28.06038725683893,0.01860095769888467,-0.0038045588103706716,-0.00499848278064878,-0.007342773597189633,195.306674006015,1.9857404254253197e-07,-5.1210307105975517e-08,SZ
1632797035.000,ego,AV,-0.00011249154749146898,-0.0008025851597222652,-0.0008563963929242815,0.0005430704270913332,0.01352094902144656,0.0071897071631530345,359.9993879229273,0.0004478639705919372,0.00030220049486712425,SZ
1632797035.000,scene-000251-1,Pedestrian,-12.86740066828489,-14.61376285358339,-0.21807216151801906,1.2306444066632847,-1.2782239293489635,-0.7633179040969971,12.997249018150015,8.115892125949514,10.524409423301478,SZ
1632797035.000,scene-000251-2,Pedestrian,11.547545234964497,28.07135569456192,-0.035269390873248006,-0.007624359194180833,0.029559979632947292,-0.35511192998067664,358.5712538656556,6.037045894347926,7.077132635455172,SZ
1632797035.000,scene-000251-3,Pedestrian,29.803363790524436,-15.078931862026145,1.3217157654270522,0.06748469839890336,-3.166329848721089,-1.1969903628024081,272.98479465538725,-0.4426091192423751,14.149504457466122,SZ
1632797035.000,scene-000251-5,Vehicle,-3.034272004975899,-79.40089521075437,0.08060171752261022,-3.136496927572034,1.9239647848698618,1.371592480983173,178.49938794260612,-3.4766180066418855,11.884112494553094,SZ
1632797035.000,scene-000251-6,Bicycle,-1.5957091629285367,-75.82358255753357,1.1338715606657466,-5.202550981378114,-1.978629054291873,-0.1823954239935297,202.50388470847125,-9.000823023632492,-27.005084433131785,SZ
1632797035.000,scene-000251-7,Vehicle,-6.826739461525275,-37.498057369536866,3.361671703100797e-14,4.263018461707555e-14,-5.769822949387227e-14,3.8707403985133116e-13,186.81493973083332,5.9004605645895936e-09,-4.0559029912401456e-08,SZ
1632797035.000,scene-000251-8,Vehicle,-14.448834552763937,-25.937002879402847,0.05573341223877021,0.014228510557923317,-0.30224374896720446,-0.1323257394584269,91.49938797515625,0.0004478832165375479,0.00030212309656008074,SZ
1632797035.000,scene-000251-10,Vehicle,-13.789515214003512,-31.966163154870486,-0.00359089702490301,0.0010445563630689845,0.01077348923914538,0.004216964078890523,91.4306907708243,-0.0026156102247227864,0.002058634309463514,SZ
1632797035.000,scene-000251-13,Vehicle,-15.045826063383236,41.24598562351437,-3.438367822635955,0.2348066913122284,-0.6847661561082763,-0.6775614974656164,76.43413737261116,21.91173489322952,-11.869196725804073,SZ
1632797035.000,scene-000251-14,Vehicle,-25.283875319978197,22.203941162242042,-0.0059512043695884665,0.007853972815177256,-0.0468104221947621,-0.017860182591480922,268.49938792322234,0.0004478640793104116,0.000302200057654467,SZ
1632797035.000,scene-000251-15,Vehicle,-23.178571969797275,18.51398599336244,0.006988240616382215,0.04701934705292646,0.10292907778507315,0.6720308041376846,263.36163810227237,-0.5764895415425118,3.0753900285188642,SZ
1632797035.000,scene-000251-16,Vehicle,-22.497004480430608,14.926956143237867,-0.04473150555296756,0.0009578488822574432,0.09231173357742634,0.008216684853445871,270.8319983965203,-0.0026147781505267975,0.0020592067066473874,SZ
1632797035.000,scene-000251-17,Vehicle,-37.294527319313154,18.8596376244626,0.3797426587678502,-0.09149357068182708,0.007806396134758309,-0.7053287926129101,271.4993879226323,0.0004478638618730102,0.0003022009320829966,SZ
1632797035.000,scene-000251-18,Bicycle,5.3780596230160915,27.74317239779928,-0.09979498947718637,0.0049819732283752395,1.5171006370381248,-0.9733604323371189,21.531995913178747,-4.511616531662426,-1.7037914421846523,SZ
1632797035.000,scene-000251-19,Vehicle,-3.157054688398393,-34.24187277455293,0.609436819923016,-7.320703469552374,2.628749183511223,0.14547536066444877,181.49938794184635,0.0004478709421533722,0.0024252337832706417,SZ
1632797035.000,scene-000251-20,Bicycle,10.051330085774996,28.474191806761006,-0.09513003428698998,0.5568222305090278,0.3720490015747062,1.3967239188462894,358.6517102892508,6.5069691083552925,0.6642004294483286,SZ
1632797035.000,scene-000251-22,Vehicle,-4.680139482074749,-13.996561735871962,0.7063632886863199,-4.770832394562294,-0.9101317564857436,-2.7949322228816627,190.499387939641,-5.999552129466025,0.0003021764604653754,SZ
1632797035.000,scene-000251-23,Bicycle,-2.6141474025092633,-3.9881351755973533,-2.259028284525932,3.817799914901588,-1.179584014425176,2.2414361912048655,28.49938789570578,21.00044785226791,-5.99969775962154,SZ
1632797035.000,scene-000251-24,Vehicle,-1.7528959739396859,21.618606324657414,-1.4589741599394008,-4.1692067632201075,-2.8919126772402315,-1.0266289762864282,156.04717801699593,14.411190924675338,-4.750909013095239,SZ
1632797035.000,scene-000251-25,Bicycle,15.078529540383059,-6.7308464878070255,-3.7415867333052864e-14,-2.9347702017557087e-15,-1.8389459420232738e-13,1.681215707691152e-13,222.11682263747764,-7.260091194893903e-09,1.0621775459185301e-08,SZ
1632797035.000,scene-000251-26,Bicycle,15.686282989041867,-6.074699715887965,-4.021307596374045e-14,-3.060854113817124e-16,-1.3122099424949124e-13,1.5991212395175298e-13,227.3224304637232,-6.252399487038929e-09,2.1306242103946715e-08,SZ
1632797035.000,scene-000251-27,Bicycle,17.095033937770374,-4.80695947994018,-4.399418834759315e-14,-1.980084627500656e-15,-1.9710221201832302e-13,1.490608282069614e-13,226.82208802138175,-6.363713112023106e-09,2.0324492311374343e-08,SZ
1632797035.000,scene-000251-28,Bicycle,14.35006836599015,-7.374521371907294,-3.0407409831415463e-14,2.823337547195013e-15,-1.0815755421431219e-13,1.7077790956954391e-13,211.8644872533073,-8.151801011990756e-09,-1.2588515119205113e-08,SZ
1632797035.000,scene-000251-29,Bicycle,16.2023042534761,-5.599211561664717,-3.8153193018567166e-14,-1.6523283067668832e-15,-7.751890229685466e-14,1.5735739240853676e-13,244.9279531155463,-8.631531045466545e-10,4.755835902869876e-08,SZ
1632797035.000,scene-000251-30,Bicycle,17.00354788484418,-3.0730665365933545,-4.3873769327684644e-14,-8.128259374025034e-15,-1.197122277616149e-13,1.2589319653858368e-13,275.3935264373504,9.222024033306297e-09,4.4753932115781936e-08,SZ
1632797035.000,scene-000251-31,Bicycle,20.790660717670708,-1.3435582884864627,-5.283887185062156e-14,-1.0339286346472313e-14,-9.42793907577191e-14,1.0938703312264244e-13,212.24199415067892,3.515695141231845e-06,1.699874434279991e-05,SZ
1632797035.000,scene-000251-32,Pedestrian,32.669374448365616,3.2330898240782626,-0.012625793211561053,-0.0033110116426040776,-0.01797112773510577,-0.026888138146317127,268.5109282778286,-0.01994098712061998,1.463963819059444e-07,SZ
1632797035.000,scene-000251-33,Bicycle,19.53672690655079,-2.5971243478204906,-5.958811046803524e-14,-8.746037149416148e-15,-1.4102531336137712e-13,1.171128109452991e-13,224.0873305505258,3.2553643904975615e-06,1.9024795591349175e-05,SZ
1632797035.000,scene-000251-34,Bicycle,17.57687472381188,-4.4461209731201325,-4.1511459525820267e-14,-4.7925582200482265e-15,-1.9991624234793396e-13,1.4421549956549778e-13,219.08841732365653,-7.682267266773124e-09,3.9969449971977156e-09,SZ
1632797035.000,scene-000251-35,Bicycle,17.784864844745186,-4.038888584086616,-5.2237568199584355e-14,-4.67185614248474e-15,-5.647585806337338e-14,1.46669527988342e-13,228.64205099766895,-5.944770009591593e-09,2.3844378915782727e-08,SZ
1632797035.000,scene-000251-36,Bicycle,19.103549929199875,-3.04500966633774,-4.295105243243132e-14,-7.975193960100717e-15,-2.7186362573142354e-14,1.1796953565637278e-13,203.25882848882844,-7.655728495592484e-09,-3.275886228948366e-08,SZ
1632797035.000,scene-000251-37,Bicycle,18.4590986577186,-3.85111171480467,-4.287015829056226e-14,-6.143475079889706e-15,-2.054660696026303e-14,1.4021519714066335e-13,234.70895832325104,-4.295024780276435e-09,3.444555574105834e-08,SZ
1632797035.000,scene-000251-38,Bicycle,21.731524741357617,0.15816879678030538,-6.16659676545198e-14,-1.2661025319770501e-14,-1.8111340813977122e-14,9.344108261717632e-14,245.31953184665744,-7.210303465399193e-10,4.792769914274686e-08,SZ
1632797035.000,scene-000251-39,Bicycle,22.811771873803814,1.1703427018941583,-0.0032598284996324645,-0.0013325934493454733,-8.369305422306628e-11,3.9905024597219896e-11,252.03220846952524,0.6400000708441027,9.907547848797549e-08,SZ
1632797035.000,scene-000251-41,Bicycle,21.19582408027826,-0.6800764222380368,-6.309162699458102e-14,-1.1536900068925927e-14,-4.59177324669531e-14,1.0116291358136148e-13,226.69842495854533,-6.3908629499564995e-09,2.0080108242837014e-08,SZ
1632797035.000,scene-000251-42,Bicycle,24.65923754056003,1.4333575739457847,-6.685747998530682e-14,-1.6195483839655216e-14,-2.0788137110372194e-13,8.706137937954916e-14,318.2242994424808,5.252030632618698e-08,6.699414711874851e-08,SZ
1632797035.000,scene-000251-45,Vehicle,13.755642480764163,-26.422677712488074,-2.743809021249345e-14,3.3341865662443236e-14,-2.2477012020314487e-13,3.780042880800755e-13,88.00068392990624,-9.26505094867025e-09,1.0872187772292818e-07,SZ
1632797035.000,scene-000251-46,Vehicle,-19.411267058220922,-26.173571421745866,6.520530046817881e-14,4.903742451238163e-14,1.6081707601810544e-13,2.515623250621152e-13,92.80373822549791,2.7784125222751754e-08,-2.97804376714339e-08,SZ
1632797035.000,scene-000251-47,Vehicle,-26.681767196884927,-25.99690323762266,8.251000928851186e-14,5.421472802545389e-14,1.7290162741853064e-13,1.5588452665068347e-13,88.50068392974643,-9.021675850817701e-09,1.088442616037355e-07,SZ
1632797035.000,scene-000251-48,Vehicle,18.845167735503768,38.14956191910329,-7.615145278393747e-14,-8.744772913698031e-14,1.4114086775314405e-13,-2.58034733395289e-13,91.49772102142583,1.80178290065669e-08,1.5568502931273542e-08,SZ
1632797035.000,scene-000251-49,Vehicle,26.282777577855814,37.67481246244119,-0.004294946397409822,0.022771134280187937,-0.016368328028591405,-0.32416466192781274,88.49938787069888,0.0004478447243911887,0.0003022778919898883,SZ
1632797035.000,scene-000251-50,Vehicle,28.558752683005554,41.06550365641408,-2.3749283220426567,0.23520841535482628,-0.26898880411992643,-1.7709552097635162,89.99938773617782,0.5004478685956997,1.0003024909219675,SZ
1632797035.000,scene-000251-52,Vehicle,-8.878055437293199,61.5494558231727,-1.365263669682118e-14,-9.213810100916846e-14,3.630685719977831e-13,-9.069530302650896e-13,328.3587788590075,8.76381491821121e-08,1.6582083617322496e-07,SZ
1632797035.000,scene-000251-53,Vehicle,-12.484528456584918,56.828779792245925,-4.936142774302262e-15,-6.488876966661176e-14,4.0041583196019225e-13,-7.607317954232581e-13,136.49897287331342,-6.734086355209001e-08,-2.9000020163039153e-07,SZ
1632797035.000,scene-000251-54,Vehicle,-12.864868520219103,-43.60908076916572,-0.00013904841654541075,-0.005207007896635744,2.4741426854317516e-10,9.461205777161474e-09,178.49981132721047,-3.2200659916270524e-09,-6.625157311646035e-08,SZ
1632797035.000,scene-000251-55,Vehicle,-12.849350148194212,-36.87079143857302,-2.425385960542644e-09,-2.932803798172335e-10,1.680397374583859e-08,2.032618140224181e-09,178.49981139046346,6.1122022998461034e-09,-5.986207440855651e-08,SZ
1632797035.000,scene-000251-56,Barrier,6.20316841376678,28.057955058394565,0.01768617185961579,-0.005148379646144168,0.001339339423573227,0.001967490254095646,195.30667419519318,-1.690347062321962e-08,-1.6656316859098297e-07,SZ
1632797035.500,ego,AV,0.00048097383926359557,-0.0003074302362595777,0.00189334785101731,8.736189580520018e-05,-0.002521972045680199,-0.009012541288297567,0.0007823366091388508,0.0010698087701768958,-0.0003648656855484444,SZ
1632797035.500,scene-000251-1,Pedestrian,-13.069559811773077,-14.076295766176134,-0.45725455555584094,0.9543431871412159,0.32149435319767505,-0.3418869739912771,21.43856822365221,9.186665006734913,1.1080073925866287,SZ
1632797035.500,scene-000251-2,Pedestrian,11.527348153450612,28.092677932369675,-0.05803370224505078,0.2319601277300628,-0.12061722512015827,1.3134498776776513,1.5897768509469046,13.114178513364692,-9.125957419863852,SZ
1632797035.500,scene-000251-3,Pedestrian,30.31941451012771,-15.098273530757861,1.244455248945816,0.04822818151249899,2.8572877827961465,1.119964295256791,274.5115533221646,6.617525217336635,-1.9532719336801088,SZ
1632797035.500,scene-000251-5,Vehicle,-2.627776965536725,-80.59955289749438,1.7967756053723565,-1.2618503855417615,4.940730766529123,6.126993687137917,182.9418280037874,8.884880122362603,24.722996258008976,SZ
1632797035.500,scene-000251-6,Bicycle,-1.2188519547154586,-78.35537216489035,0.4880573915199439,-4.7400368253861,-0.6046276222913387,2.0324520479615877,193.50392883206072,-21.00342696711644,-3.0011798304470148,SZ
1632797035.500,scene-000251-7,Vehicle,-6.826739461525263,-37.498057369536824,1.6469040048061897e-14,7.376650567665216e-14,-1.0892478437912024e-14,-2.6252875561302466e-13,186.8149397177042,-9.240494591722381e-09,2.22141522954189e-08,SZ
1632797035.500,scene-000251-8,Vehicle,-14.446296054152812,-25.938435517479288,-0.020674895568988064,-0.003971414709885277,-0.0033894822638285416,0.05952603838719255,91.50078236086813,0.0010697832016717257,-0.00036488306599835596,SZ
1632797035.500,scene-000251-10,Vehicle,-13.789929261746723,-31.965993610784164,0.002004135280751882,-0.002126089227926775,0.01160663998347418,-0.016899546442873562,91.42853299279108,-0.00037135429025170197,0.0046579520758314175,SZ
1632797035.500,scene-000251-13,Vehicle,-16.84202086664541,41.31108144752822,-3.729241635274059,0.0903519358250177,-0.4787290944441338,0.09974247551677373,83.65340146660222,12.066320332425676,-14.064270998813043,SZ
1632797035.500,scene-000251-14,Vehicle,-25.289147527089735,22.20697736555883,-0.008028228381362388,0.006974319918249712,0.038502326147666396,0.014341571003770735,268.50078233674617,0.0010698086257434625,-0.00036486578372318945,SZ
1632797035.500,scene-000251-15,Vehicle,-23.171212074932576,18.562612849511893,0.00445061850916069,0.029714741756450287,-0.11307956621395926,-0.7412492253235892,263.0725426251265,2.4990872411781844,0.0046570946780235545,SZ
1632797035.500,scene-000251-16,Vehicle,-22.500787870067086,14.927372132326905,0.043684739892710156,-0.0014739344436453283,0.2613532482052845,-0.017943818157056958,270.8298412784622,-0.00037037129266082047,0.004658005638428997,SZ
1632797035.500,scene-000251-17,Vehicle,-37.11478944962162,18.794064356474784,0.31699030157982566,-0.0341202684100119,-0.25881582488685684,0.9348220017001707,271.5007823364721,0.0010698089146075063,-3.0003648652922483,SZ
1632797035.500,scene-000251-18,Bicycle,5.41505038416036,27.710547314777294,0.04225938656045435,0.03762566349560744,-0.948883132887562,1.1039351934060475,15.785231044316873,-3.7861987390508887,3.0507768474362678,SZ
1632797035.500,scene-000251-19,Vehicle,-2.8627339581261446,-37.88237629675755,-0.11013655409034755,-7.237983034289072,-5.507042679564677,0.185406380388752,181.50078234539657,0.0021487051233890497,-2.999871054135909,SZ
1632797035.500,scene-000251-20,Bicycle,10.059205844038566,28.781886942766846,0.1445023677617208,0.38334537530541324,0.586480606620137,-2.0906313396607477,1.500782327468741,0.7222840434327225,-1.6858941372088339,SZ
1632797035.500,scene-000251-22,Vehicle,-4.385814644007322,-16.620512784383944,0.5807553901533556,-5.503308446226887,0.4077001623538865,-0.13497198377671538,187.50078234470823,-5.99893019866748,2.9996351287414456,SZ
1632797035.500,scene-000251-23,Bicycle,-3.8799099531306434,-1.9150771146172816,-2.7816227310701223,4.242389488276038,-0.9107937717515782,-0.5430778977070538,37.500782322632105,3.0010698216198364,-33.000364853166076,SZ
1632797035.500,scene-000251-24,Vehicle,-2.59412879500401,19.433014198410213,-1.4064704371970864,-4.518481986971382,3.101927568209491,-0.3704719187186569,163.83710489877143,7.612755265430266,-10.310104035695133,SZ
1632797035.500,scene-000251-25,Bicycle,15.078529540383034,-6.7308464878070176,-2.8408591292933463e-14,1.1800782375039375e-14,2.1992369836280494e-13,-1.0917936046193489e-13,222.11682262696706,1.289836148998802e-08,1.4490915134501847e-08,SZ
1632797035.500,scene-000251-26,Bicycle,15.686282989041844,-6.074699715887957,-2.532443298336582e-14,8.595774498631944e-15,1.9077556617098978e-13,-1.2430468431169838e-13,227.3224304616046,1.6653892487283883e-08,8.696545705788594e-09,SZ
1632797035.500,scene-000251-27,Bicycle,17.095033937770346,-4.806959479940174,-3.326632688265699e-14,3.9984558306662166e-15,2.4001365787806774e-13,-1.2514666637429393e-13,226.82208801845638,1.632152901720474e-08,9.27343535295222e-09,SZ
1632797035.500,scene-000251-28,Bicycle,14.350068365990131,-7.374521371907284,-2.938534318400755e-14,1.0278623213432256e-14,1.1224582080394392e-13,-1.4095676690459498e-13,211.86448722699362,3.898364298038359e-09,2.40078961155632e-08,SZ
1632797035.500,scene-000251-29,Bicycle,16.20230425347608,-5.59921156166471,-3.221158082547004e-14,6.597872657005583e-15,1.0128535106924318e-13,-1.243565885534469e-13,244.92795313968324,2.378270380631875e-08,-1.2472995081225235e-08,SZ
1632797035.500,scene-000251-30,Bicycle,17.003547884844156,-3.073066536593351,-3.153837891384802e-14,6.099501686207154e-15,1.690537894169615e-13,-6.898215229765492e-14,275.39352648039176,1.4127656378093434e-08,-3.5804077924694866e-08,SZ
1632797035.500,scene-000251-31,Bicycle,20.79066071767068,-1.3435582884864614,-4.128266519175116e-14,1.325420189585142e-15,1.4050421739320066e-13,-6.272820697841263e-14,212.2420122348418,4.819042437986809e-06,4.852949757605529e-07,SZ
1632797035.500,scene-000251-32,Pedestrian,32.66346128246112,3.23329971870786,-0.0057346270700719786,0.014603425599371944,0.04553579230106208,0.09854588711422119,268.50095791990117,-0.019940982657132622,1.7318764378160267e-07,SZ
1632797035.500,scene-000251-33,Bicycle,19.536726906550758,-2.597124347820488,-3.7413989378812284e-14,4.201083117109775e-15,2.2972179771826896e-13,-6.53243298791954e-14,224.08735017479793,4.7643163227917285e-06,3.1784691927327913e-06,SZ
1632797035.500,scene-000251-34,Bicycle,17.57687472381185,-4.446120973120127,-3.7528276943800015e-14,5.505664657926516e-15,2.15848972676015e-13,-1.030226080535988e-13,219.08841730832444,1.043527220190299e-08,1.760346179935368e-08,SZ
1632797035.500,scene-000251-35,Bicycle,17.78486484474516,-4.038888584086611,-3.0619873594608985e-14,4.6507533970884874e-15,1.4294663648327486e-13,-1.0937908983004908e-13,228.6420509976737,1.7499367288564827e-08,7.158121206884971e-09,SZ
1632797035.500,scene-000251-36,Bicycle,19.103549929199854,-3.045009666337737,-3.5198996928669804e-14,5.109750819810868e-15,5.819458458818851e-14,-6.562975653672646e-14,203.25882845110112,-4.682405574385484e-09,2.9282631430760375e-08,SZ
1632797035.500,scene-000251-37,Bicycle,18.459098657718577,-3.851111714804665,-3.7020724115627747e-14,6.543038724717706e-15,4.3944343660001064e-14,-8.94691419222337e-14,234.7089583328266,2.0771992126356054e-08,-1.3488943295669742e-10,SZ
1632797035.500,scene-000251-38,Bicycle,21.73152474135759,0.1581687967803049,-4.267048606989016e-14,-8.692887275472293e-16,9.409326715249578e-14,-4.627413624828324e-14,245.31953187129457,2.383237074354838e-08,-1.2929113779591717e-08,SZ
1632797035.500,scene-000251-39,Bicycle,22.810141959547963,1.169676405172365,-0.0032598285149172436,-0.0013325934420457901,2.255394135342037e-11,-1.0706290021200715e-11,252.3522085751685,0.6400001001340456,3.080828037127503e-09,SZ
1632797035.500,scene-000251-41,Bicycle,21.195824080278232,-0.6800764222380363,-3.2867569476523735e-14,4.476070016118588e-16,1.6681396253918237e-13,-5.322488529921033e-14,226.69842495542042,1.623838841169345e-08,9.415579427241028e-09,SZ
1632797035.500,scene-000251-42,Bicycle,24.659237540559992,1.4333575739457824,-4.879380005428893e-14,-2.6970534610787378e-15,2.8013609082779357e-13,-3.3067657865243237e-14,318.2242995634192,3.5167971645932994e-08,-1.1750009321076504e-07,SZ
1632797035.500,scene-000251-45,Vehicle,13.75564248076414,-26.422677712488042,-2.748712299744642e-14,3.0661735310321714e-14,2.2457398906333304e-13,-3.887248094885617e-13,88.00068398554885,4.5071232079862966e-08,-4.312690293772903e-08,SZ
1632797035.500,scene-000251-46,Vehicle,-19.411267058220886,-26.173571421745834,4.2547950787146075e-14,3.088110836493498e-14,-2.514464747422364e-13,-3.2418758965190196e-13,92.80373824086428,-9.6251824288629e-09,-5.24447898442304e-08,SZ
1632797035.500,scene-000251-47,Vehicle,-26.681767196884884,-25.996903237622632,4.7549959441979685e-14,2.3129668868845398e-14,-3.1274182680465943e-13,-2.8022476327711747e-13,88.50068398590184,4.506105710788688e-08,-4.3827412810060196e-08,SZ
1632797035.500,scene-000251-48,Vehicle,18.845167735503743,38.14956191910324,-3.219628588003212e-14,-5.902380739645921e-14,3.467979986247728e-14,3.717304203573735e-13,91.49772106732257,-1.39896769724146e-08,2.3249242531164782e-08,SZ
1632797035.500,scene-000251-49,Vehicle,26.280984274269994,37.66481007904472,0.0019221532870436668,-0.0245154034572332,0.04123672676640536,0.1350185109781282,88.50078231234986,0.0010698343379544895,-0.00036484830494032394,SZ
1632797035.500,scene-000251-50,Vehicle,27.424281461286792,41.04910033673816,-1.9897234851972772,-0.12609794632431423,1.8098081515014446,0.32572976304695433,89.50078234783922,-0.4989300879512939,1.4996350847180793,SZ
1632797035.500,scene-000251-51,Vehicle,-4.6696557319101375,55.21987188315532,-2.1839483866318804e-14,-2.414133990654843e-14,4.2306586250734826e-14,1.2925151143113169e-13,178.4997994817046,-5.225339805292606e-08,7.10594036945622e-08,SZ
1632797035.500,scene-000251-52,Vehicle,-8.878055437293185,61.549455823172615,2.180325868540862e-14,-1.005763101626628e-13,-2.212449904688639e-13,8.732001936511124e-13,328.35877909811285,7.902201559772948e-08,-1.672859752943623e-07,SZ
1632797035.500,scene-000251-53,Vehicle,-12.484528456584895,56.828779792245854,4.8324161031776e-14,-1.0636515326702205e-13,-1.8737461673587926e-13,5.948262610216169e-13,136.49897263478078,-1.8342272056770526e-07,-3.383812039459144e-07,SZ
1632797035.500,scene-000251-54,Vehicle,-12.864938044409524,-43.61168427243125,-0.00013904837128707892,-0.00520700616518494,-6.638094078321305e-11,-2.5354025649793055e-09,178.4998112860266,-2.99350517707353e-08,2.1862945231987396e-08,SZ
1632797035.500,scene-000251-55,Vehicle,-12.849350148194187,-36.87079143857298,6.499276986001498e-10,7.866201996329531e-11,-4.502719109267417e-09,-5.44848541102066e-10,178.49981136055737,-2.0579264514708484e-08,1.9656624772323994e-08,SZ
1632797035.500,scene-000251-56,Barrier,6.212108158193818,28.055522859950177,0.017931287987103375,-0.004788303937567709,-0.0003588749136229086,-0.0005271874197897951,195.30667398911152,3.2010873951549e-08,2.6842201350518735e-08,SZ
1632797036.000,ego,AV,0.0006084256072270387,-0.0008445223339134351,-0.0023914920828339114,-0.001144141055459153,-0.014617387689724686,0.0040865294832401556,0.00045773169751694385,8.299828504349275e-05,-0.0032479636944326516,SZ
1632797036.000,scene-000251-1,Pedestrian,-13.284439855077135,-13.551709247264915,-0.4551447370120853,1.3243044826827022,-0.3130550790226512,1.8217321561572222,22.183914024884928,9.223899518536143,0.8989851231315811,SZ
1632797036.000,scene-000251-2,Pedestrian,11.489489113255413,28.269678464928,-0.08093253040105441,0.2697204704704065,0.02902191249614383,-1.1624085067162775,11.685432379020298,-3.0889115255159254,-29.301331474350704,SZ
1632797036.000,scene-000251-3,Pedestrian,31.10193388350218,-14.976468705257735,1.49188379665615,0.35438151616156066,-1.8675735919548107,0.10464904333945513,279.6023198727239,-2.395881052922484,-14.163832192018218,SZ
1632797036.000,scene-000251-6,Bicycle,-1.0433721378324132,-80.53310345147315,0.22792102383121912,-4.094427080714986,-0.43591784846356096,0.5499869307228664,181.5004577413548,-12.002002854079507,21.006363440369256,SZ
1632797036.000,scene-000251-7,Vehicle,-6.8267394615252615,-37.4980573695368,-1.9556819450244286e-14,4.599686998676987e-14,-1.3321095955531272e-13,1.5145021285349546e-13,186.81493972159282,2.8114612860008492e-08,1.9024848540993844e-07,SZ
1632797036.000,scene-000251-8,Vehicle,-14.455375407605288,-25.937829273426747,-0.012278959010922815,-0.0033012158617805546,0.03697322849608954,-0.05684524299477366,91.50045775835792,8.300015053919196e-05,-0.0032475085409373605,SZ
1632797036.000,scene-000251-10,Vehicle,-13.788883450719299,-31.967951446667804,-0.0006350643928265534,-0.003269950235271138,-0.02216343867778792,0.012324102413496109,91.43031941653402,0.002042341851108631,0.0025156574241975704,SZ
1632797036.000,scene-000251-13,Vehicle,-18.783662115989706,41.32625283961481,-4.07168195190663,-0.11461113800967074,-0.8910321720861489,-0.9195947708555278,88.5004577050369,7.847463894416478,-9.068498004443882,SZ
1632797036.000,scene-000251-14,Vehicle,-25.289043951159346,22.20899247965619,0.007052330808141574,-0.005443348003297468,0.02181991061034946,-0.06401224268995945,268.5004577318481,8.299829558211513e-05,-0.0032479611233615646,SZ
1632797036.000,scene-000251-15,Vehicle,-23.176476302376294,18.528040974507274,-0.012216710127137003,-0.08154842720972062,0.04641025166876847,0.29619654945890544,265.86072534345055,-0.5718324468644855,-6.144150203825433,SZ
1632797036.000,scene-000251-16,Vehicle,-22.4685652171718,14.925621891693783,0.04062812553497074,-0.003067620372175851,-0.2735797056362421,0.011569074442934868,270.83162802522764,0.0020432274879021994,0.0025151113596137975,SZ
1632797036.000,scene-000251-17,Vehicle,-36.97130735659422,18.836782881146057,0.2916159112264715,0.09084618442261588,0.1573182634734389,-0.43495619036965943,271.50045773154693,-2.9999170014303753,-3.003247961111043,SZ
1632797036.000,scene-000251-18,Bicycle,5.387619441035579,27.77214293393207,-0.01188364864770825,0.018338589585928964,0.7323109920549115,-1.1810834890447617,17.74579717412786,-1.4608396842261584,6.4368959224960065,SZ
1632797036.000,scene-000251-19,Vehicle,-3.1607365667341933,-41.480673301365364,-0.19098187357642793,-7.160167554165936,5.1836614016203555,0.12585554010382083,181.50153664696973,-2.9994231831937554,-3.0046924724627218,SZ
1632797036.000,scene-000251-20,Bicycle,10.125715489030148,28.84529217153045,-0.036567017228984734,0.13639845688597907,-1.310758146582959,1.102843665983011,359.37399433268354,4.821074971146459,-5.257892035103339,SZ
1632797036.000,scene-000251-22,Vehicle,-4.0971049956717005,-19.44757568708852,0.46882206911854624,-5.9220175278295,-0.8554334464931233,-1.539864342633738,184.50045774097353,-2.9999170007245795,2.99675219973318,SZ
1632797036.000,scene-000251-23,Bicycle,-5.3093386938032685,0.21042543676313744,-2.7856285389576114,4.404005806157203,0.894770540201625,1.1895431692317118,31.500457717325617,-11.999917000898165,-18.003248169160557,SZ
1632797036.000,scene-000251-24,Vehicle,-3.0410132432964634,17.142840646390997,-0.6438477074129193,-4.611459358492863,-0.05143664907282153,-0.0014375673672581968,163.6599332824262,4.1010868889802055,-0.6518857532000197,SZ
1632797036.000,scene-000251-25,Bicycle,15.078529540383034,-6.730846487807016,1.8362579951656887e-15,1.4351416401806476e-14,-9.894430121040835e-14,1.193818965690033e-13,222.116822650376,7.230823939607944e-09,-1.6091556886976832e-07,SZ
1632797036.000,scene-000251-26,Bicycle,15.686282989041844,-6.074699715887957,2.954974423984192e-15,1.3884622080660702e-14,-7.765793654158974e-14,1.454600746398134e-13,227.3224304803771,2.4441462187496654e-09,-2.0368161557371423e-07,SZ
1632797036.000,scene-000251-27,Bicycle,17.095033937770346,-4.806959479940176,6.529239295797044e-15,1.2631613895839546e-14,-8.08313931642516e-14,1.5967929863498723e-13,226.82208803770328,2.9097222409291135e-09,-1.9995966482611038e-07,SZ
1632797036.000,scene-000251-28,Bicycle,14.350068365990126,-7.374521371907284,-1.265191942175387e-15,1.4681945299284235e-14,2.3478416338474604e-16,1.585700552480029e-13,211.86448725720567,1.5856095103572443e-08,-5.393881963300373e-08,SZ
1632797036.000,scene-000251-29,Bicycle,16.202304253476072,-5.599211561664711,-3.530740261976721e-15,1.2564331306149811e-14,1.3438011184730129e-14,1.4822242315002382e-13,244.92795313932902,-1.3336151738485569e-08,-2.755785004637801e-07,SZ
1632797036.000,scene-000251-30,Bicycle,17.003547884844153,-3.07306653659335,-5.029715993473407e-16,1.0375605220200172e-14,-4.4912160158958777e-14,8.608656643362701e-14,275.393526451478,-2.6582057444102247e-08,-1.372953022382717e-07,SZ
1632797036.000,scene-000251-31,Bicycle,20.790660717670672,-1.3435582884864619,4.8067118895961474e-15,1.0366676106332497e-14,4.385329093218856e-14,9.889323064540203e-14,212.24199896972135,4.000990124097825e-06,-3.396554933488005e-05,SZ
1632797036.000,scene-000251-32,Pedestrian,32.66388023173357,3.2477133684540442,0.002599001699582487,0.032638575499806005,-0.012201277222444214,-0.026405287512484943,268.49098729517146,-0.019940813932976198,-3.081813133576361e-07,SZ
1632797036.000,scene-000251-33,Bicycle,19.536726906550758,-2.5971243478204875,1.7397529328057328e-14,1.0593451494679675e-14,-1.0475722890790541e-14,9.089380338947501e-14,224.08733531484214,6.433833583230353e-06,-3.561582386168993e-05,SZ
1632797036.000,scene-000251-34,Bicycle,17.576874723811848,-4.446120973120127,-2.2197135420672122e-16,1.474432269754667e-14,-6.662375031764179e-14,1.399772402120794e-13,219.08841733409182,9.921194532580557e-09,-1.3217676553267665e-07,SZ
1632797036.000,scene-000251-35,Bicycle,17.784864844745158,-4.038888584086612,4.186805995596248e-15,1.2714195145134546e-14,-3.719918122453933e-15,1.416328568222333e-13,228.6420510151683,1.2133511972933775e-09,-2.1308281361598347e-07,SZ
1632797036.000,scene-000251-36,Bicycle,19.103549929199843,-3.045009666337736,-8.099498508116533e-15,1.1517008012760628e-14,5.02034090940246e-14,9.125878530852546e-14,203.25882848414602,2.162690293516789e-08,5.232352862094558e-08,SZ
1632797036.000,scene-000251-37,Bicycle,18.459098657718567,-3.8511117148046647,-8.934839021537886e-16,1.1945743290223388e-14,1.0056461719389478e-13,1.110799601842564e-13,234.70895834402302,-4.429914213233133e-09,-2.4822399069535095e-07,SZ
1632797036.000,scene-000251-38,Bicycle,21.73152474135758,0.15816879678030427,-2.1311908667526474e-15,9.47684208220848e-15,6.806391366005427e-14,8.765865948730609e-14,245.3195318704898,-1.3650144126131636e-08,-2.758126953494866e-07,SZ
1632797036.000,scene-000251-39,Bicycle,22.808512045292137,1.1690101084505724,-0.0032598285107602208,-0.001332593443986999,-5.9258604967471484e-12,2.9414578411879333e-12,252.6722085696593,0.6400000739249379,-3.1443064330005654e-07,SZ
1632797036.000,scene-000251-41,Bicycle,21.19582408027823,-0.6800764222380367,2.715366245448874e-15,1.0412605877253585e-14,-2.44822196512919e-14,9.308488080177722e-14,226.69842497478373,3.024716477284528e-09,-1.9902660852721965e-07,SZ
1632797036.000,scene-000251-42,Bicycle,24.65923754055999,1.4333575739457818,6.237295328826473e-15,9.664218499817722e-15,-6.00117092953319e-14,8.251274570882908e-14,318.2242994776488,-6.497978688457806e-08,-8.148856522893766e-08,SZ
1632797036.000,scene-000251-45,Vehicle,13.75564248076414,-26.422677712488042,-1.169251270940413e-15,3.5857731751497003e-14,-1.1930250215730899e-13,4.0950879525326293e-13,88.00068397497748,-5.239195388639928e-08,-6.365943931996298e-07,SZ
1632797036.000,scene-000251-46,Vehicle,-19.411267058220886,-26.173571421745834,-2.2234282888733052e-14,1.9284680683105522e-14,-7.682459961280117e-15,2.77801878924584e-13,92.80373821587273,-2.4660664621478645e-08,2.9460579753504135e-07,SZ
1632797036.000,scene-000251-47,Vehicle,-26.681767196884884,-25.996903237622632,-1.6914462182794513e-14,2.3796853081588572e-14,5.488414030556266e-14,2.8289350012809023e-13,88.50068397480749,-5.2849088660877896e-08,-6.354985941925406e-07,SZ
1632797036.000,scene-000251-48,Vehicle,18.845167735503736,38.149561919103235,1.3090057648838907e-14,-1.7517554442030963e-14,1.464655742530068e-13,-2.0570540853966049e-13,91.49772100743616,4.126707153773168e-08,2.676761994280241e-07,SZ
1632797036.000,scene-000251-49,Vehicle,26.28252791711012,37.66236533129472,-0.004891631224933457,0.0006076926699488192,-0.06849186481431385,-0.034526126469400106,88.5004577050369,8.299641945086478e-05,-0.0032484188354828802,SZ
1632797036.000,scene-000251-50,Vehicle,26.53443075583204,41.060699778962096,-1.812109300209316,0.2403601052305275,-1.0993514115496037,1.1401024431724127,89.50045764822653,2.000082953313779,-0.5032491993697477,SZ
1632797036.000,scene-000251-51,Vehicle,-4.6696557319101375,55.21987188315531,3.31023211699539e-14,-6.929532633589809e-14,1.77460633894356e-13,-3.0986745714853026e-13,178.49979943560857,2.2704796265315963e-08,2.095428328630078e-07,SZ
1632797036.000,scene-000251-52,Vehicle,-8.878055437293183,61.54945582317261,2.236287128280024e-14,-5.977999223305852e-14,2.2348344085843037e-13,-7.100149219326953e-13,328.3587789380295,-7.964783321767754e-08,-3.455280577213671e-07,SZ
1632797036.000,scene-000251-54,Vehicle,-12.865007568599964,-43.61428777569681,-0.00013904838347217983,-0.0052070066291476265,1.7640537143016888e-11,6.795518106561538e-10,178.4998112972754,1.8642879240360344e-08,3.3598468007767224e-07,SZ
1632797036.000,scene-000251-55,Vehicle,-12.849350148194185,-36.870791438572965,-1.7416496174240898e-10,-2.1026639522782906e-11,1.2063484678971817e-09,1.4609390315775324e-10,178.49981136988418,2.5768827072170097e-08,3.1791219612387067e-07,SZ
1632797036.000,scene-000251-56,Barrier,6.221047902620866,28.053090661505802,0.017865609316485856,-0.004884785936164001,9.616023115277539e-05,0.00014125942540463288,195.30667422720404,9.938730727299117e-09,8.582977955029492e-07,SZ
1632797036.500,ego,AV,-8.709907147678151e-05,-0.0003592202470319574,0.0042641830158760725,0.004178462261397134,0.04124008808456461,0.01720388378418499,0.0008653348941823436,-0.0021781549242557556,-0.0007373477512114922,SZ
1632797036.500,scene-000251-1,Pedestrian,-13.562707362001973,-12.866904110915705,-0.6810517977691928,1.00478881369055,-0.5905731640057788,-3.0997948321258306,30.662467742188355,10.085650129866494,-2.218499695910481,SZ
1632797036.500,scene-000251-2,Pedestrian,11.494878238113717,28.362456615066602,0.18694433182789824,0.3078300865698738,1.042485536419667,1.3148469711141455,358.500865325431,-16.187152960986012,9.953721422185879,SZ
1632797036.500,scene-000251-3,Pedestrian,31.737864886660326,-14.85830153142509,1.2987118236252735,-0.025922250162110624,1.0948856998313028,-1.62586410863414,272.1156722692421,-7.546306974681583,6.45196994709918,SZ
1632797036.500,scene-000251-6,Bicycle,-0.976871783065258,-82.57333800537523,0.05213954305638327,-4.1900498946632325,-0.26720807463578244,-0.9324781865158513,181.50192597798122,0.0029364732528165405,24.009878654664647,SZ
1632797036.500,scene-000251-7,Vehicle,-6.826739461525276,-37.49805736953679,-1.2848749501895273e-14,-4.459116489570158e-14,1.6004323934870875e-13,-5.138023523833812e-13,186.8149397458188,1.8100799081821606e-07,-4.995493441128929e-08,SZ
1632797036.500,scene-000251-8,Vehicle,-14.453879762711757,-25.9440186417379,0.024288480259008184,-0.016322467394674925,0.10929652858363442,0.00476023686319621,91.50086536101867,-0.002177725339265635,-0.001689079113191383,SZ
1632797036.500,scene-000251-10,Vehicle,-13.788977727068152,-31.968125883206678,0.006245330361977054,0.0024122556339252416,0.04968501769700236,0.01040472106328941,91.43057533464219,0.0021443031339458685,-0.0013979796893579532,SZ
1632797036.500,scene-000251-13,Vehicle,-20.92878155701109,41.222546154229384,-4.504594699293497,-0.1631191435793302,-0.8406188174613192,0.72556274857689,91.50086536101867,2.997822327981794,-7.8481182611975555,SZ
1632797036.500,scene-000251-14,Vehicle,-25.283896997604852,22.20418282087745,0.011322082058092915,-0.0019681959933542706,-0.004740905610544091,0.07791285072973225,268.50086533504174,-0.002178152497618102,-0.0007373478595553706,SZ
1632797036.500,scene-000251-15,Vehicle,-23.177946944188342,18.51199799452568,0.004007006464792347,-0.007210162834855693,0.01848461469894893,0.001156508040554255,262.50071017826207,-3.6450629626472493,-0.0013955910190190934,SZ
1632797036.500,scene-000251-16,Vehicle,-22.43620582206309,14.925857190778549,0.1812950459913777,0.004654766642212951,0.8362473874618697,0.019320473614620335,270.83188450595014,0.002144740066952977,-0.0013980371943057568,SZ
1632797036.500,scene-000251-17,Vehicle,-36.79556797044309,18.85028016040312,0.4318749285854709,0.008030354289560488,0.40371780596255813,0.10369286983743792,268.50086533504174,-3.0021781521964357,2.9992626518663963,SZ
1632797036.500,scene-000251-18,Bicycle,5.429061240757232,27.70753366565604,0.08934034761160772,-0.12906191656684604,-0.32741500701764764,0.5914814644336616,14.324391360090715,2.650697183445118,11.945976650150754,SZ
1632797036.500,scene-000251-19,Vehicle,-3.002975327985432,-45.03908379204106,0.03261582924033569,-7.061591720748269,-4.289270590353301,0.2684477935668532,178.50135916220282,-3.0025437673393327,2.9982750097382223,SZ
1632797036.500,scene-000251-20,Bicycle,10.053237827332072,29.10753179710882,-0.03404239908474151,1.0249299232025124,1.3208566191599318,2.4512821992831206,6.3218572986152,-4.5356079916706165,-5.731675975709763,SZ
1632797036.500,scene-000251-22,Vehicle,-3.915483837839768,-22.57445029238118,0.36594117037778434,-6.532246490438522,0.4439098515300761,-0.9010515078023253,184.50086534398366,-3.0021779989343003,-0.0007373546399804809,SZ
1632797036.500,scene-000251-23,Bicycle,-6.542714575313102,2.4955199988531405,-2.0526908461941855,4.605169967917684,2.0369802308520857,-0.38488652218978814,25.50086532173394,-15.00217834754072,-9.00073733885749,SZ
1632797036.500,scene-000251-24,Vehicle,-3.339841559745329,14.824199669947836,-0.4924153215991499,-4.688567749831427,0.6571661923279009,-0.3069959979869914,167.93819178775163,6.960869512230246,3.4607234330017036,SZ
1632797036.500,scene-000251-25,Bicycle,15.078529540383032,-6.730846487807006,1.0405418275869205e-14,7.1468754344487e-17,1.332209423332224e-13,-1.7650168715885125e-13,222.1168226341979,-1.480172073797803e-07,-4.100456862943247e-09,SZ
1632797036.500,scene-000251-26,Bicycle,15.686282989041844,-6.074699715887946,1.350453528742905e-14,-1.8541660286572938e-16,1.1985617999536918e-13,-2.017402293739191e-13,227.32243046404875,-1.8702772308643034e-07,2.8138060770288575e-09,SZ
1632797036.500,scene-000251-27,Bicycle,17.095033937770346,-4.806959479940164,7.149369699468812e-15,4.094864286183871e-15,8.331191477893869e-14,-1.938262970736099e-13,226.8220880213661,-1.8363813580890564e-07,2.1546782136283582e-09,SZ
1632797036.500,scene-000251-28,Bicycle,14.350068365990127,-7.374521371907273,1.312982887990609e-14,2.715123260405685e-16,5.734529912494114e-14,-2.1621178714097758e-13,211.8644872428497,-5.004045533496537e-08,-1.7480950020853925e-08,SZ
1632797036.500,scene-000251-29,Bicycle,16.202304253476076,-5.5992115616647,2.5018259800573916e-14,1.7645778186034385e-15,1.0075798906547241e-13,-1.914214371002093e-13,244.92795312634706,-2.517957966574613e-07,2.3513219815640696e-08,SZ
1632797036.500,scene-000251-30,Bicycle,17.003547884844153,-3.073066536593343,1.2233983238434376e-14,3.597120967989156e-16,9.585997951008566e-14,-1.2615013892723204e-13,275.39352645380967,-1.231676520774272e-07,3.505179790863622e-08,SZ
1632797036.500,scene-000251-31,Bicycle,20.79066071767068,-1.3435582884864539,2.2055817633366574e-14,2.5049747897912604e-15,2.514313204289313e-14,-1.3034003591156697e-13,212.24201623583193,-2.9146506896893243e-05,-8.00460614414078e-06,SZ
1632797036.500,scene-000251-32,Pedestrian,32.664299181006044,3.262127018200238,0.00036601154127802643,0.02780606935567304,0.0032693165892263712,0.007075262935953022,268.4810171059682,-0.01994129083844598,-1.598786909529082e-07,SZ
1632797036.500,scene-000251-33,Bicycle,19.536726906550765,-2.59712434782048,1.0456436212188991e-14,1.3867455679782849e-15,-1.7288649572682805e-14,-1.2772062709628057e-13,224.08735660863152,-3.085150755310906e-05,-1.0806925885731289e-05,SZ
1632797036.500,scene-000251-34,Bicycle,17.576874723811848,-4.446120973120117,1.709988028782389e-14,-5.341092297041769e-16,1.3591115688576427e-13,-2.0109096792108282e-13,219.08841731824563,-1.2174150043620102e-07,-8.1309963206877e-09,SZ
1632797036.500,scene-000251-35,Bicycle,17.78486484474516,-4.038888584086601,1.3872649612223993e-14,3.112241722581596e-15,4.24632925889649e-14,-1.800406705124451e-13,228.64205099888704,-1.9558346053827336e-07,4.542883402791631e-09,SZ
1632797036.500,scene-000251-36,Bicycle,19.103549929199847,-3.0450096663377284,2.4964426815529923e-14,-5.516129479462353e-16,8.205229220056125e-14,-1.3953326915135292e-13,203.258828472728,4.7641123046560097e-08,-2.751188787897263e-08,SZ
1632797036.500,scene-000251-37,Bicycle,18.459098657718574,-3.8511117148046563,1.9278377651439896e-14,-1.0353067036037405e-15,-1.9877170979520033e-14,-1.6300416015956492e-13,234.70895832839668,-2.274519985689949e-07,1.2229051549184078e-08,SZ
1632797036.500,scene-000251-38,Bicycle,21.731524741357585,0.15816879678031162,2.9878967464097736e-14,3.263016192606494e-15,5.997671966334723e-14,-1.1251396304571401e-13,245.31953185764442,-2.519803246059382e-07,2.3889320743819553e-08,SZ
1632797036.500,scene-000251-39,Bicycle,22.80688213103633,1.1683438117287879,-0.003259828511847735,-0.0013325934434685566,1.5758002541721439e-12,-8.676861312784112e-13,252.99220864909347,0.6399997857034023,-5.731660479568745e-09,SZ
1632797036.500,scene-000251-41,Bicycle,21.195824080278232,-0.6800764222380289,2.2006104494728232e-14,2.5329350793051013e-15,1.0164517264840928e-13,-1.2460356399357116e-13,226.69842495844512,-1.827882201155262e-07,1.991509179788409e-09,SZ
1632797036.500,scene-000251-42,Bicycle,24.659237540559992,1.433357573945789,2.3844618738983036e-14,4.008208348313484e-15,1.304410029359581e-13,-1.0513678631484604e-13,318.2242994984394,-4.6320593583004666e-08,3.504847967406022e-08,SZ
1632797036.500,scene-000251-45,Vehicle,13.755642480764136,-26.422677712488014,1.0847846008405063e-14,-3.5624057338856884e-15,1.6737089127469083e-13,-5.671893451947937e-13,88.00068393315689,-5.915231611197669e-07,8.347592483914923e-08,SZ
1632797036.500,scene-000251-46,Vehicle,-19.411267058220897,-26.173571421745816,-1.7559665450622883e-14,-1.4384207333420324e-15,2.6380929713720768e-14,-3.6069428459037427e-13,92.80373821620361,2.8498061510617845e-07,1.6491810583829647e-08,SZ
1632797036.500,scene-000251-47,Vehicle,-26.68176719688489,-25.996903237622615,-2.2524674856407653e-14,-1.1735670831184666e-14,-7.732499100001524e-14,-4.250235957791831e-13,88.50068393305276,-5.904375370846537e-07,8.385342198380386e-08,SZ
1632797036.500,scene-000251-48,Vehicle,18.84516773550375,38.14956191910323,2.2468619430282502e-14,4.382889687337103e-14,-1.0895132712723242e-13,4.5109121380126844e-13,91.49772110858964,2.536865224556095e-07,-5.721153684135061e-08,SZ
1632797036.500,scene-000251-49,Vehicle,26.27796964552336,37.66193317879558,-0.0004434008671121508,0.0048232312825885835,0.08628478624559907,0.051388280919959166,88.50086530876936,-0.002178584497528391,-0.0007373285703806687,SZ
1632797036.500,scene-000251-50,Vehicle,25.541405537320887,41.15644643907836,-2.0590948577608876,-0.19126586055658493,0.11140918134331734,-2.866606306320862,91.500865301153,-1.0021792873210416,-2.0007372830384043,SZ
1632797036.500,scene-000251-51,Vehicle,-4.669655731910119,55.21987188315528,1.3406800687189716e-15,4.552726037650469e-14,-3.0450719829929574e-13,7.691578039981414e-13,178.4997995044094,1.5728943481008173e-07,-6.20677269580483e-08,SZ
1632797036.500,scene-000251-52,Vehicle,-8.878055437293167,61.549455823172565,-4.6733334525945485e-15,4.126833007565477e-14,-3.316282598000095e-13,1.1142082111675483e-12,328.358779018465,-2.665060421236376e-07,1.979555008801981e-08,SZ
1632797036.500,scene-000251-54,Vehicle,-12.865077092790422,-43.61689127896236,-0.00013904838021392893,-0.005207006504918213,-4.607534189252083e-12,-1.8263415779706804e-10,178.49981130466952,3.0604962830693694e-07,-4.56553266303672e-08,SZ
1632797036.500,scene-000251-55,Vehicle,-12.849350148194201,-36.87079143857295,4.664688324119493e-11,5.615068384418714e-12,-3.231010879627661e-10,-3.9527071528946744e-11,178.49981138632623,2.973329316091622e-07,-4.7420883220183896e-08,SZ
1632797036.500,scene-000251-56,Barrier,6.229987647047924,28.050658463061435,0.017883207871590926,-0.004858933650227392,-2.5766010732466982e-05,-3.785028165818882e-05,195.30667399905025,8.903086694544982e-07,8.323739564275456e-08,SZ
1632797037.000,ego,AV,0.0029587462999113518,0.0015013590970944393,-0.0005633158245644999,-0.0014944194040821348,-0.06055008344632691,-0.039895410446102064,359.99827957677326,-0.0006543494661679994,0.0052192657560681255,SZ
1632797037.000,scene-000251-1,Pedestrian,-13.894744220510008,-12.522304071931373,-0.4824742645083791,0.8329713145563497,1.384883297049033,2.4125248355890263,32.26956415475142,7.005399822625662,2.4932472835490813,SZ
1632797037.000,scene-000251-2,Pedestrian,11.599534408945567,28.663512611711976,-0.006573022769611376,0.8619640639539604,-1.8165549548097055,0.9016889384222018,355.49827941803426,6.864809896669954,23.47223927543591,SZ
1632797037.000,scene-000251-3,Pedestrian,32.4224843537243,-14.92768461432374,1.2365717301754757,0.042012030090856814,-1.3434460736304938,1.89760122964601,272.0560128980423,4.056088894176696,15.546853213723578,SZ
1632797037.000,scene-000251-7,Vehicle,-6.82673946152527,-37.49805736953681,1.7661112275817866e-14,8.973522545043045e-14,-3.800379223785623e-14,1.0511079137679095e-12,186.81493990260083,-2.1840321551280795e-08,-1.9041787879814365e-07,SZ
1632797037.000,scene-000251-8,Vehicle,-14.450440763092574,-25.93539839613796,-0.055267094948826756,0.08317634917320686,-0.4275188294149742,0.39323502940833094,91.49828003301866,-0.001606078962652191,-2.994781810400127,SZ
1632797037.000,scene-000251-10,Vehicle,-13.784853303397615,-31.96715291541898,-0.00016537312497801501,-0.001587884807474456,-0.07532783164482262,-0.026405282828888196,91.43246371966796,0.0006443621617506778,-0.0036409572932711853,SZ
1632797037.000,scene-000251-13,Vehicle,-23.28982366474114,41.17943648930145,-4.946908543427977,-0.11381038955315746,-0.9286365590765939,-0.5283277324721987,91.49828003301866,-0.0006543667810774423,-2.994781483073268,SZ
1632797037.000,scene-000251-14,Vehicle,-25.28392611521194,22.206300938549536,-0.021633643356078557,-0.0028331146632050177,-0.12708199604614173,-0.08137252540913523,268.4982795793505,-0.0006543495639788066,0.005219261827304367,SZ
1632797037.000,scene-000251-15,Vehicle,-23.17562309727056,18.51266603445675,0.0013079149023739484,0.018139438245998868,-0.02928098094862252,0.10024189628286406,262.2156623808033,-0.57322803788351,3.0696920214930117,SZ
1632797037.000,scene-000251-16,Vehicle,-22.32541977727896,14.92811856541215,0.09306432985656392,-0.0005714038864730606,-1.1891702520011247,-0.04022515572936438,270.8337727652946,0.0006451902935964426,-0.003640268568995686,SZ
1632797037.000,scene-000251-17,Vehicle,-36.540127220243924,18.878848144023966,0.5679651925333987,0.12942397568659492,0.140643249829155,0.3818816157506997,268.4982795793505,-0.0006543495639788066,3.005219261526122,SZ
1632797037.000,scene-000251-18,Bicycle,5.445710758186521,27.68912128849931,0.003070161106929771,-0.00022079591509497322,-0.017665739001064218,-0.07611698182665733,20.396494357572976,10.485136965924596,-2.887574721049802,SZ
1632797037.000,scene-000251-19,Vehicle,-3.2461129445713732,-48.532029024231925,-0.45173971040799415,-6.9015999000403525,2.351848431759982,0.3715194892648128,178.4989928796304,-0.0011481734555331968,3.004871647024075,SZ
1632797037.000,scene-000251-20,Bicycle,9.981348840244268,29.895136666216843,-0.6934632791473286,2.062948818422332,-3.9585401394102804,1.70079338159616,354.8383863410129,-0.9106010045633042,31.391709773629913,SZ
1632797037.000,scene-000251-22,Vehicle,-3.740091719581729,-25.92982954463143,0.20949290591014574,-6.842519655673887,-1.0697029094006303,-0.3400411531391292,181.49827974203924,-3.00065435536456,3.0052190134415326,SZ
1632797037.000,scene-000251-23,Bicycle,-7.334739518419779,4.8039895719783825,-1.1560130239647115,4.7366991334635316,1.5497310580658086,0.9110031843731718,16.498279369784896,-21.000654339755656,-15.549847385102609,SZ
1632797037.000,scene-000251-24,Vehicle,-3.526088798801772,12.530242697459164,-0.2969443392223328,-4.309857335772431,0.12471773717936863,1.821837654222982,170.62080279465647,7.561810321981909,0.9199834007013266,SZ
1632797037.000,scene-000251-25,Bicycle,15.078529540383037,-6.730846487807011,-2.2141649025839502e-14,1.2008061171819332e-14,-2.6340921154005724e-13,2.2424805682875066e-13,222.11682250235881,3.1303599712373398e-09,2.4807287957173685e-07,SZ
1632797037.000,scene-000251-26,Bicycle,15.68628298904185,-6.074699715887953,-2.4998692464495882e-14,8.173326403605223e-15,-2.7386909100306885e-13,2.351752013998029e-13,227.32243029334938,5.257952295778523e-09,3.0781568227666867e-07,SZ
1632797037.000,scene-000251-27,Bicycle,17.09503393777035,-4.80695947994017,-1.3810436020869289e-14,2.9633520686294807e-15,-1.6715113766029108e-13,1.8930024820339234e-13,226.82208785406513,5.064407559984829e-09,3.02665242202238e-07,SZ
1632797037.000,scene-000251-28,Bicycle,14.350068365990131,-7.37452137190728,-1.927970046824446e-14,1.0877357987557247e-14,-1.869834165175434e-13,2.586351697870443e-13,211.8644872071652,-1.624854917281482e-09,9.526499411549594e-08,SZ
1632797037.000,scene-000251-29,Bicycle,16.202304253476083,-5.599211561664706,-3.2593452721909927e-14,7.0227100104401916e-15,-3.312048391554077e-13,2.1245396586755634e-13,244.9279528875332,1.0177068077155127e-08,4.0059638806155817e-07,SZ
1632797037.000,scene-000251-30,Bicycle,17.003547884844156,-3.0730665365933474,-2.7116679281587157e-14,4.172757947206419e-15,-2.5326262959017176e-13,1.41402322328862e-13,275.3935263283104,8.46974046453397e-09,1.7962578624519665e-07,SZ
1632797037.000,scene-000251-31,Bicycle,20.790660717670683,-1.3435582884864585,-2.9081136204653426e-14,-4.025608222447196e-16,-2.2969094739497313e-13,1.1870989346342306e-13,212.24196982321445,-4.00361603425381e-06,9.096840103239856e-05,SZ
1632797037.000,scene-000251-32,Pedestrian,32.664718130278516,3.2765406679464193,0.0009643434049693017,0.029100944031752205,-0.0008759891344612717,-0.0018957642316364404,268.471046004333,-0.01994097381166715,1.0526359801588114e-06,SZ
1632797037.000,scene-000251-33,Bicycle,19.53672690655076,-2.5971243478204844,-3.7906992104010286e-14,2.511313047109816e-15,-1.761650636921143e-13,1.322188970128067e-13,224.0873044633346,-4.373092302500936e-06,0.00010023321510743699,SZ
1632797037.000,scene-000251-34,Bicycle,17.576874723811855,-4.4461209731201246,-2.554498565148284e-14,3.379325775872294e-15,-3.0649062064299116e-13,2.167447079433887e-13,219.0884172123503,1.7901982118928572e-09,2.073984148864838e-07,SZ
1632797037.000,scene-000251-35,Bicycle,17.784864844745165,-4.038888584086608,-1.7044840298886203e-14,1.4821905555428265e-15,-1.661332522334057e-13,1.7352046584429002e-13,228.64205081958485,5.7562346000850084e-09,3.2077078060410713e-07,SZ
1632797037.000,scene-000251-36,Bicycle,19.103549929199854,-3.0450096663377337,-2.7809362535594144e-14,4.012120074526193e-15,-2.931474496050575e-13,1.5778820124124264e-13,203.25882853178717,-5.8849849438047386e-09,-5.9369057225922006e-08,SZ
1632797037.000,scene-000251-37,Bicycle,18.459098657718574,-3.8511117148046625,-3.3587462557999784e-14,5.518159819693454e-15,-1.9158618985823865e-13,1.8921802625275372e-13,234.708958116571,7.799137335950945e-09,3.6816102522152505e-07,SZ
1632797037.000,scene-000251-38,Bicycle,21.731524741357592,0.15816879678030743,-3.211955069842627e-14,-3.544093131544278e-15,-3.079707923134433e-13,8.528552574911092e-14,245.31953161850947,1.0239176617687917e-08,4.006400757816664e-07,SZ
1632797037.000,scene-000251-39,Bicycle,22.80525221678051,1.1676775150069925,-0.0032598285116120706,-0.0013325934436184367,-6.33142843708967e-13,2.681656979808267e-13,253.3122083553627,0.6400000681932774,5.335375803383613e-07,SZ
1632797037.000,scene-000251-41,Bicycle,21.19582408027824,-0.6800764222380336,-2.6790938005952773e-14,-1.8925993807713586e-15,-2.9683334265113334e-13,1.0690142615326532e-13,226.6984247919955,5.016239867927652e-09,3.013723741673857e-07,SZ
1632797037.000,scene-000251-42,Bicycle,24.65923754056,1.4333575739457851,-3.766692406634959e-14,-5.713037449818839e-15,-3.764871741572886e-13,6.625180312231674e-14,318.2242994313282,-2.9931307210517843e-08,2.390032136645459e-07,SZ
1632797037.000,scene-000251-45,Vehicle,13.755642480764143,-26.42267771248803,-2.0905850689876824e-14,4.2340737402454764e-14,-2.9438567806781836e-13,7.508019177401554e-13,88.00068338345432,3.108397095274995e-08,8.74214123314232e-07,SZ
1632797037.000,scene-000251-46,Vehicle,-19.411267058220897,-26.173571421745823,2.8524098472815574e-14,5.0417848468671627e-14,1.5795412598003296e-13,5.681193613984291e-13,92.80373850085334,-8.168854037648998e-09,-4.8082824832818e-07,SZ
1632797037.000,scene-000251-47,Vehicle,-26.681767196884895,-25.99690323762263,4.3064315390016114e-14,4.446211231595309e-14,3.3968095198571024e-13,6.498147283677342e-13,88.50068338436992,3.100433332292596e-08,8.724841791263316e-07,SZ
1632797037.000,scene-000251-48,Vehicle,18.84516773550375,38.14956191910325,-1.76994070787569e-14,-7.253290476024113e-14,-5.1720778908925224e-14,-9.16538420335717e-13,91.4977212611227,-1.5944465303618927e-08,-2.7609280550677795e-07,SZ
1632797037.000,scene-000251-49,Vehicle,26.28503332659117,37.667381599472655,0.02169769157967768,0.0101969912672928,0.002279583541560215,-0.02989324098114229,88.49827912053937,-0.0006543321509298039,0.005219961237429516,SZ
1632797037.000,scene-000251-50,Vehicle,24.582934096273462,40.985825131878265,-1.6604912260986076,0.0754554544928244,1.4830053453058012,3.9334915665184993,88.49827836090549,-0.0006543297246253132,1.0052210252584644,SZ
1632797037.000,scene-000251-51,Vehicle,-4.669655731910131,55.21987188315531,-1.1615478174245331e-15,-1.128137151701207e-13,2.944982867547217e-13,-1.4025217061846428e-12,178.499799592898,-3.9362930692732334e-08,-1.779532965429098e-08,SZ
1632797037.000,scene-000251-52,Vehicle,-8.878055437293181,61.54945582317261,6.9886035639794555e-15,-1.0529332806956057e-13,3.7827600786630556e-13,-1.7004548437484095e-12,328.35877867152345,-5.985228312965774e-08,8.495926451246305e-07,SZ
1632797037.000,scene-000251-53,Vehicle,-12.484528456584894,56.82877979224585,4.743535416715796e-14,-2.476002439473706e-13,1.8618954091638853e-13,-7.831397152620819e-13,136.49897368103814,-1.1689732559716504e-06,2.598451243803386e-07,SZ
1632797037.000,scene-000251-54,Vehicle,-12.865146616980859,-43.61949478222796,-0.00013904838104051518,-0.005207006538086343,1.3011894079567599e-12,4.996164593151775e-11,178.49981160332504,-2.7012447390006855e-08,-4.594448910211213e-07,SZ
1632797037.000,scene-000251-55,Vehicle,-12.849350148194194,-36.870791438572965,-1.2475861927552746e-11,-1.4336340148919552e-12,8.661010728777536e-11,1.1332261931704069e-11,178.49981166721713,-2.16520561480138e-08,-4.140830753840419e-07,SZ
1632797037.000,scene-000251-56,Barrier,6.23892739147497,28.048226264617085,0.017878492321777486,-0.004865860795228323,6.903811478706223e-06,1.0141701654486218e-05,195.30667511751273,9.317612637005368e-08,-2.3316784876215024e-06,SZ
1632797037.500,ego,AV,-0.0006681428266389999,-0.0010733779561920957,-0.005497182248591384,-0.002485730900029425,0.04081461775021937,0.035930164462312904,0.0002109854280143442,0.0030411108318162405,0.00105261890652126,SZ
1632797037.500,scene-000251-1,Pedestrian,-14.129619741577851,-11.969081843136797,-0.7905254216525622,1.0502595347575003,-2.617087925625763,-1.5433719547844253,37.66786756481403,12.578897413415575,5.222407803778424,SZ
1632797037.500,scene-000251-2,Pedestrian,11.497602680501231,29.160641097624815,-0.1443055864243693,1.033420552963562,1.2656247001906737,-0.2158629823837952,5.365675222100933,7.285086314449899,4.270124131621969,SZ
1632797037.500,scene-000251-3,Pedestrian,32.974115154576005,-14.813920631743926,1.1725028631668981,0.12415952788566528,1.0871706055961816,-1.5690112384667758,276.1717611634188,8.000546239041995,-2.9519317038715798,SZ
1632797037.500,scene-000251-7,Vehicle,-6.826739461525263,-37.49805736953671,1.6811287653434334e-14,1.5460846869564588e-13,3.4604493748322054e-14,-7.916149407870476e-13,186.81493972397848,-9.40988797992759e-09,8.906695825317001e-09,SZ
1632797037.500,scene-000251-8,Vehicle,-14.475533569549754,-25.87459785552215,0.06685705850832216,0.1001417879963547,0.91601544324357,-0.3253732741157399,91.49925928205602,-2.9969595357393928,0.0029560616396793193,SZ
1632797037.500,scene-000251-10,Vehicle,-13.78917147128184,-31.968505840730835,-0.006746303144189708,0.0016595384510333538,0.04900411156797586,0.039394975862919436,91.43121969680396,-0.0014966541593253169,0.0009894477532554902,SZ
1632797037.500,scene-000251-13,Vehicle,-25.88347361646425,41.07427609784996,-5.4359234837135695,-0.27125963648458357,-1.0274232020657763,-0.10146925525350503,91.50021099423759,0.0030408449085257416,0.0028741341602653847,SZ
1632797037.500,scene-000251-14,Vehicle,-25.29600627667361,22.203628023605805,0.0025568169536837847,0.00997187101631312,0.22384383728519108,0.1325924681272078,268.50021098547774,0.0030411093296862646,0.001052619010295075,SZ
1632797037.500,scene-000251-15,Vehicle,-23.17416115755238,18.54289957148364,0.013476053741485633,0.12006187159863438,0.0779535363050693,0.307447837127678,261.9274821403785,-0.5753709411542332,0.0009898081025028205,SZ
1632797037.500,scene-000251-16,Vehicle,-22.371514895617832,14.926357840115857,-0.1654068067460802,0.0006347449275278317,0.1552857055905481,0.045049750985367946,270.8325296962437,-0.001495528502042709,0.0009896720974467144,SZ
1632797037.500,scene-000251-17,Vehicle,-36.226609830495974,18.941933077006777,0.7100131409636163,0.02419124258600082,0.4275485438917155,-0.802812548153076,268.50021098547774,0.0030411093296862646,0.001052619010295075,SZ
1632797037.500,scene-000251-18,Bicycle,5.446248814172467,27.691864823140047,0.001504448452084018,0.03593204513126935,0.011402888381681214,0.22072834601211463,24.809528326015325,-0.2368775376046841,-10.765747054597512,SZ
1632797037.500,scene-000251-19,Vehicle,-3.294068084917131,-51.90651262318659,0.027786470801446903,-6.53658166596351,-0.4337437069222176,1.088553447042571,178.50021098874726,0.002327879684742129,0.0021036639815008584,SZ
1632797037.500,scene-000251-20,Bicycle,9.459254244177387,31.11108197760423,-0.7560059832540549,2.7445758860806158,3.7083693229833754,1.025714889036971,5.411256294051896,26.856101781959296,21.476548248815632,SZ
1632797037.500,scene-000251-22,Vehicle,-3.708217545755494,-29.383550203036833,0.03968495848727561,-6.952274350799855,0.3904711197091498,-0.09897762736475713,181.5002109886191,0.0030410145072323758,3.0010526251871426,SZ
1632797037.500,scene-000251-23,Bicycle,-7.716712196114475,7.2329086636059685,-0.3672427827552057,4.872365486745161,1.605349906772216,-0.36833777124664735,4.5002109819782845,-30.55202573264333,1.4831327085835682,SZ
1632797037.500,scene-000251-24,Vehicle,-3.6508323576622606,10.443678136072782,-0.18575210901310812,-4.3551321103291745,0.3200511836575304,-2.0029367524499477,175.50000210973354,7.880852912931573,-1.5600572685015806,SZ
1632797037.500,scene-000251-25,Bicycle,15.07852954038301,-6.730846487806994,-4.973651460932922e-14,2.6503273813188702e-14,1.5302974920609842e-13,-1.6626720626327322e-13,222.11682263732826,1.000556792973839e-07,-3.8878340546943946e-09,SZ
1632797037.500,scene-000251-26,Bicycle,15.686282989041821,-6.074699715887936,-5.206559890266506e-14,2.6111886688653107e-14,1.6560146525039218e-13,-1.6342096025961138e-13,227.3224304693067,1.2078795919023833e-07,-3.8484984088427154e-09,SZ
1632797037.500,scene-000251-27,Bicycle,17.095033937770328,-4.806959479940158,-5.848903598000669e-14,2.1355221066703468e-14,-1.1563262176258571e-14,-1.1573277221109638e-13,226.82208802643052,1.1902710639333236e-07,-3.862623998429626e-09,SZ
1632797037.500,scene-000251-28,Bicycle,14.35006836599011,-7.37452137190726,-4.259243737094327e-14,3.082604297854096e-14,9.373246890674811e-14,-1.7884042982310947e-13,211.86448724122485,4.522454588595792e-08,-3.2404017247245065e-09,SZ
1632797037.500,scene-000251-29,Bicycle,16.202304253476047,-5.599211561664691,-6.517470549535828e-14,2.343528732164331e-14,2.0087982806161436e-13,-1.468036566227438e-13,244.92795313652414,1.4880059140409685e-07,-2.147181987766089e-09,SZ
1632797037.500,scene-000251-30,Bicycle,17.003547884844128,-3.0730665365933376,-5.298124062170679e-14,1.492367922357992e-14,1.4980438422969335e-13,-9.8398637223368e-14,275.3935264622794,5.645813416776946e-08,3.30783223034814e-09,SZ
1632797037.500,scene-000251-31,Bicycle,20.79066071767065,-1.3435582884864523,-7.626152939717692e-14,8.431141906038933e-15,4.0969374624879215e-14,-8.337508255028845e-14,212.24201223221587,6.182189413550532e-05,-1.4467854470012753e-07,SZ
1632797037.500,scene-000251-32,Pedestrian,32.66513707955092,3.290954317692601,0.0008040061080823362,0.028753951471493903,0.00023463994691340796,0.0005077939906031753,268.4610761321565,-0.019940238202461824,-2.0712468540295959e-07,SZ
1632797037.500,scene-000251-33,Bicycle,19.536726906550733,-2.597124347820476,-5.06750064513749e-14,1.2548819575485832e-14,1.2509300630265597e-13,-9.206887089930264e-14,224.0873522355392,6.938170756143336e-05,-2.145896218053167e-06,SZ
1632797037.500,scene-000251-34,Bicycle,17.576874723811823,-4.44612097312011,-6.413391219151358e-14,2.432029975362026e-14,1.521349144828683e-13,-1.3298081203239682e-13,219.08841732003583,8.565692155571014e-08,-3.798298564561264e-09,SZ
1632797037.500,scene-000251-35,Bicycle,17.784864844745144,-4.038888584086597,-5.2274698780694195e-14,1.7604348646250857e-14,2.5213818306173888e-14,-1.0903183348145797e-13,228.64205100464326,1.2518732717126113e-07,-3.801041259521298e-09,SZ
1632797037.500,scene-000251-36,Bicycle,19.103549929199822,-3.045009666337723,-6.294095118277438e-14,1.6477555759045972e-14,1.5262109501633656e-13,-1.0792645850316355e-13,203.25882846684303,-1.172793417936191e-08,-1.9475123735901434e-09,SZ
1632797037.500,scene-000251-37,Bicycle,18.459098657718545,-3.8511117148046496,-5.545878400186482e-14,1.8930696311335558e-14,1.0410090408277851e-13,-1.3556788028618528e-13,234.70895833619582,1.4070902665253016e-07,-3.4013538652288844e-09,SZ
1632797037.500,scene-000251-38,Bicycle,21.731524741357557,0.1581687967803102,-7.19310212528167e-14,2.420150195188171e-15,1.4872491009588175e-13,-6.142855244218113e-14,245.3195318678836,1.4865975117572816e-07,-2.0873756056971615e-09,SZ
1632797037.500,scene-000251-39,Bicycle,22.80362230252466,1.1670112182852013,-0.0032598285117230097,-0.0013325934435773265,1.8938670076629194e-13,-1.0372345343734324e-13,253.63220871728674,0.6400003192409827,-1.1998267268609197e-08,SZ
1632797037.500,scene-000251-41,Bicycle,21.195824080278207,-0.6800764222380288,-6.405632698053818e-14,5.7035962585554266e-15,1.4777178675279182e-13,-7.651664359595818e-14,226.69842496346138,1.1858415405185951e-07,-3.865835651595262e-09,SZ
1632797037.500,scene-000251-42,Bicycle,24.659237540559957,1.4333575739457856,-8.633974320161474e-14,-2.4723406218411333e-15,1.81795897616228e-13,-5.328901581040593e-14,318.2242994685081,1.9268262008154124e-07,8.697064401985699e-08,SZ
1632797037.500,scene-000251-45,Vehicle,13.755642480764116,-26.422677712487967,-4.44639946493143e-14,1.1131112307050571e-13,2.0015310223006846e-13,-4.749203750679518e-13,88.00068396424086,2.826909621944651e-07,3.91989374293189e-09,SZ
1632797037.500,scene-000251-46,Vehicle,-19.411267058220872,-26.173571421745766,5.267724606898165e-14,9.819497587789758e-14,-6.134153559536865e-14,-3.7701085176152515e-13,92.80373820803476,-1.958476332220016e-07,2.1186622234381502e-08,SZ
1632797037.500,scene-000251-47,Vehicle,-26.681767196884852,-25.99690323762257,8.474651609717627e-14,1.1099888851381135e-13,-1.7295214915706965e-13,-3.8366762357630126e-13,88.50068396405712,2.8204664204167784e-07,4.328171598899644e-09,SZ
1632797037.500,scene-000251-48,Vehicle,18.845167735503733,38.14956191910316,-5.825240147926993e-14,-1.800229192884666e-13,-1.1049119869312678e-13,4.865783622228155e-13,91.49772109264518,-2.240628305116843e-08,-3.477370569271443e-08,SZ
1632797037.500,scene-000251-49,Vehicle,26.291561638623257,37.66823980221734,-0.004795406852214536,-0.007771455821173644,-0.10825197726912908,-0.041980547372723484,88.50021097661843,0.003041376739901125,0.00105260053609868,SZ
1632797037.500,scene-000251-50,Vehicle,23.817179703810783,41.182010233112884,-1.6442952389053067,0.04282680679243882,-1.4182213965325943,-4.0640061573200414,91.50021097142837,0.003041737937422795,0.0010526483431192446,SZ
1632797037.500,scene-000251-51,Vehicle,-4.669655731910115,55.21987188315517,2.4621793273782166e-14,-2.337608618801121e-13,-1.9136492238989486e-13,9.187331193446775e-13,178.49979946504646,1.3949410515579075e-07,2.9686546554330562e-08,SZ
1632797037.500,scene-000251-52,Vehicle,-8.878055437293156,61.54945582317246,4.066776541508574e-14,-2.595834799815027e-13,-2.4355936046188055e-13,1.0832942361006412e-12,328.35877895861273,5.830866030009929e-07,1.334911416961404e-07,SZ
1632797037.500,scene-000251-53,Vehicle,-12.484528456584863,56.8287797922457,3.9770304055412486e-14,-2.042984303474646e-13,-2.168497413633705e-13,9.563469696617056e-13,136.4989727854718,-8.862375580065418e-07,1.051849210398359e-06,SZ
1632797037.500,scene-000251-54,Vehicle,-12.865216141171285,-43.62209828549342,-0.00013904838080057474,-0.005207006529089016,-3.414271903395827e-13,-1.3972330237255193e-11,178.49981127765705,-1.5339526271418435e-07,8.349388735950924e-09,SZ
1632797037.500,scene-000251-55,Vehicle,-12.84935014819418,-36.87079143857288,3.384462161452863e-12,5.457933166051654e-13,-2.3168810931752922e-11,-3.4145526057155867e-12,178.49981136467414,-1.1675014377487969e-07,1.0434860087116249e-08,SZ
1632797037.500,scene-000251-56,Barrier,6.2478671359020135,28.045794066172654,0.017879755965835586,-0.004864004501544905,-1.8492352463067574e-06,-2.7165269207950204e-06,195.3066740922264,-1.4413698181670043e-06,-1.5846197243263305e-08,SZ
1632797038.000,ego,AV,3.1803753457720213e-06,0.0012511195770303293,0.004818649271536557,0.009935905883815174,0.00044870833029240186,0.013756382673065497,0.0013206876050776764,0.0003982694403532605,-0.005905679448730439,SZ
1632797038.000,scene-000251-1,Pedestrian,-14.655474820649241,-11.536892033105511,-0.9198076497167711,0.8784627793688201,2.099959013368932,0.8561849332297027,44.84846156816701,12.227807626404086,-6.674527201053451,SZ
1632797038.000,scene-000251-2,Pedestrian,11.501648044655616,29.705705836511687,-0.003522817272622841,1.2575130729900545,-0.7024936235836878,1.112233062489767,2.783365732484185,11.134934028291923,0.4374585666946871,SZ
1632797038.000,scene-000251-3,Pedestrian,33.60720802525632,-14.799573200389986,1.181758846349048,0.23001834196900348,-1.0501466728675837,1.9924464948001281,280.05655913708426,1.1041571903051164,-16.080738821456876,SZ
1632797038.000,scene-000251-7,Vehicle,-6.826739461525256,-37.498057369536696,3.5886540165682897e-16,-2.6048073903317854e-14,-1.0041418275543208e-13,6.898877039119266e-14,186.8149398931909,-1.2933625725963793e-08,-1.3969041390282655e-07,SZ
1632797038.000,scene-000251-8,Vehicle,-14.374203669657604,-25.881249838310598,0.24526142152536268,-0.1588521541944606,-0.2023979911754079,-0.7106024946475215,88.50132049727927,0.0013499826770271284,5.994095270368689,SZ
1632797038.000,scene-000251-10,Vehicle,-13.788494717304921,-31.964768497864828,0.005302102257896907,0.009256236328244226,-0.0008104899596293978,-0.009008184354075965,91.43096706550864,0.001633809915006168,0.008865454963029151,SZ
1632797038.000,scene-000251-13,Vehicle,-28.733979368703807,40.94374839258509,-5.974331745493753,-0.21527964480666267,-1.1262098450549587,0.3253892219651886,91.50132087792718,0.0022197673791879424,-0.0016421550586755984,SZ
1632797038.000,scene-000251-14,Vehicle,-25.283458896307373,22.21675099769872,0.01420968896875022,0.025645985493066258,-0.1772323492249253,-0.06989601022019523,268.50132068868015,0.0003982694463182668,-0.0004555011376346507,SZ
1632797038.000,scene-000251-15,Vehicle,-23.16618590620596,18.593615054414627,0.0014110165192772037,-0.012692804893271323,-0.12621368519390302,-0.8384665430953008,261.64029143964905,-0.5722382297810018,1.6853924920668746,SZ
1632797038.000,scene-000251-16,Vehicle,-22.41360020027361,14.929496554277787,0.03948035915985481,0.00630035737017909,0.6642629580331919,-0.022387301214762928,270.83227723679255,0.0016348623910470428,0.008070289890562854,SZ
1632797038.000,scene-000251-17,Vehicle,-35.81101370148577,18.89912041086905,0.9666633561610634,-0.10455534496009894,0.5990523168980726,0.2878261979686768,268.50132068868015,0.0003982694463182668,-0.0004555011376346507,SZ
1632797038.000,scene-000251-18,Bicycle,5.45140467011459,27.710183930624652,0.025075516653148194,-0.01713153185794155,0.08288138442257542,-0.4329826539689583,20.159616819968292,-0.2806100886729155,-0.9601894392219066,SZ
1632797038.000,scene-000251-19,Vehicle,-3.278862649330986,-55.03896780233232,0.14409559864452967,-5.993706104708,0.8989802182945487,1.0829487979794834,178.50132075931515,0.0009554905259676616,2.9954047512017468,SZ
1632797038.000,scene-000251-20,Bicycle,9.20453519880869,32.59989991716611,-0.9433946364499157,3.1873271429508265,-4.457923935766815,0.745290138443865,21.694488122972217,20.565947244252328,-20.290654503704758,SZ
1632797038.000,scene-000251-22,Vehicle,-3.666967441946347,-32.85197065742141,0.0705129259530424,-6.881229617866569,-0.2671592498460825,0.3831565590979018,181.50132075654648,0.0003982698225826198,-0.005905611162305036,SZ
1632797038.000,scene-000251-23,Bicycle,-7.799407986075394,9.718300118015513,-0.16302665094815708,5.2597021957786065,-0.788485379544021,1.91768460738043,345.9462536371416,-19.517521631172087,23.02552568269171,SZ
1632797038.000,scene-000251-24,Vehicle,-3.722598771973344,8.101339375105653,-0.13910706375466697,-4.843034157031938,-0.13347100262376577,0.05132856563891508,178.50165570758804,6.0017530534803285,-6.665817463659607,SZ
1632797038.000,scene-000251-25,Bicycle,15.078529540383,-6.730846487806993,-2.733254301275177e-15,-6.110675542358351e-15,3.498329202611779e-14,3.581140884108498e-14,222.1168226024145,-7.574740834570548e-10,-1.1825017054434284e-07,SZ
1632797038.000,scene-000251-26,Bicycle,15.68628298904181,-6.0746997158879354,-1.2180147256769385e-15,-6.0394627942026194e-15,3.778887145756032e-14,3.481556232818846e-14,227.32243041413736,1.4094538869358075e-09,-1.1594842419526685e-07,SZ
1632797038.000,scene-000251-27,Bicycle,17.095033937770307,-4.806959479940156,-8.028804932740014e-15,-3.119108044231332e-15,2.1340418636532527e-13,1.78354557673572e-14,226.82208797309224,1.2017764561278454e-09,-1.1638660168955539e-07,SZ
1632797038.000,scene-000251-28,Bicycle,14.350068365990099,-7.374521371907258,-2.197088703209508e-15,-6.28383746490305e-15,6.784892576418693e-14,3.0400908049333413e-14,211.86448725238975,-4.865256642005988e-09,-1.0782194692637859e-07,SZ
1632797038.000,scene-000251-29,Bicycle,16.202304253476036,-5.59921156166469,1.618060775690396e-14,-4.840589969399914e-15,1.2454142494743463e-13,3.370014745857091e-14,244.9279530363338,8.029886089389038e-09,-7.442825378234375e-08,SZ
1632797038.000,scene-000251-30,Bicycle,17.003547884844117,-3.073066536593337,4.562538967581228e-15,-2.5831638822174683e-15,8.037073412745874e-14,2.8371264800178433e-14,275.3935263847685,1.177757269488211e-08,5.9494226434253505e-08,SZ
1632797038.000,scene-000251-31,Bicycle,20.790660717670626,-1.3435582884864532,-6.9332593714870126e-15,-1.3475836927065055e-15,2.363437054778804e-13,4.426018015530669e-14,212.24203164510857,-4.148294578953937e-06,-7.20933710169902e-05,SZ
1632797038.000,scene-000251-32,Pedestrian,32.66555602882335,3.305367967438783,0.0008470234317257601,0.02884704703645327,-6.257065233971053e-05,-0.0001354117307656999,268.4511057661306,-0.019941180936352776,-1.0044166316447445e-06,SZ
1632797038.000,scene-000251-33,Bicycle,19.536726906550722,-2.597124347820476,6.127915108676798e-15,-2.080421426146003e-15,1.0211867993755086e-13,3.355190689277531e-14,224.08737384504212,-6.518988534764958e-06,-8.368554399851291e-05,SZ
1632797038.000,scene-000251-34,Bicycle,17.57687472381181,-4.446120973120109,4.968967471098073e-15,-4.737255462739815e-15,1.242766041675784e-13,1.6750591166956512e-14,219.08841729800724,-2.008100352668407e-09,-1.1724906556764836e-07,SZ
1632797038.000,scene-000251-35,Bicycle,17.784864844745126,-4.038888584086596,-8.335467379170108e-15,-2.6216684039364693e-15,1.505431072999225e-13,2.812776528070865e-14,228.64205094477217,1.95519334056371e-09,-1.1457623827482166e-07,SZ
1632797038.000,scene-000251-36,Bicycle,19.103549929199808,-3.0450096663377226,2.461500320252599e-15,-3.308961633200679e-15,1.0898871099577136e-13,2.8780388934176945e-14,203.25882852005924,-7.832497317394882e-09,-8.402633966397843e-08,SZ
1632797038.000,scene-000251-37,Bicycle,18.45909865771853,-3.8511117148046496,-3.727863081770138e-16,-3.969422551124799e-15,1.162430866919727e-13,4.3967404836343845e-14,234.70895825728005,4.397783470722061e-09,-1.0437766917448243e-07,SZ
1632797038.000,scene-000251-38,Bicycle,21.73152474135754,0.1581687967803083,9.940461764792755e-17,-9.73970584701428e-16,1.393967933859768e-13,4.785206932262274e-14,245.31953176716922,8.151801011990756e-09,-7.30109803726009e-08,SZ
1632797038.000,scene-000251-39,Bicycle,22.80199238826882,1.166344921563407,-0.0032598285116428147,-0.0013325934435852258,1.3139662968786325e-13,7.212980213111564e-14,253.9522086746037,0.6400000561950066,-1.909060287630382e-07,SZ
1632797038.000,scene-000251-41,Bicycle,21.195824080278193,-0.6800764222380303,5.90457898166637e-15,-1.6039050249726237e-15,1.320718370960264e-13,4.7286638461845975e-14,226.69842491057966,1.150390005477675e-09,-1.1648796771623893e-07,SZ
1632797038.000,scene-000251-42,Bicycle,24.659237540559936,1.4333575739457824,-6.671804376455601e-16,-3.8481161741888167e-16,1.6089435343964872e-13,6.163913182809492e-14,318.22429962401077,5.7039343914766505e-08,-1.2970195939487894e-07,SZ
1632797038.000,scene-000251-45,Vehicle,13.75564248076411,-26.422677712487953,-3.7428504044945204e-15,-1.8627024082811476e-14,-3.72685252507893e-14,-4.483221354531705e-14,88.00068366614528,3.500386469568184e-08,-4.628410010809603e-08,SZ
1632797038.000,scene-000251-46,Vehicle,-19.411267058220854,-26.173571421745752,1.656230212489389e-14,-1.6872110524201846e-14,-8.311824018098242e-14,-8.325749384687256e-14,92.80373830500571,1.3017768196732504e-08,2.3616422595296171e-07,SZ
1632797038.000,scene-000251-47,Vehicle,-26.68176719688483,-25.99690323762255,1.642697531732913e-15,-1.9499460769532363e-14,-1.5946312510470372e-13,-1.383257735570736e-13,88.50068366641659,3.53325049218256e-08,-4.476615345083701e-08,SZ
1632797038.000,scene-000251-48,Vehicle,18.845167735503708,38.14956191910312,-5.0863718777994886e-15,2.5238427293199266e-14,3.2315531709900857e-13,3.3446702410384804e-13,91.4977212387164,-5.0718170996333356e-08,-4.530707542471646e-08,SZ
1632797038.000,scene-000251-49,Vehicle,26.285180451761754,37.66299506807257,-0.001633313147308769,-0.005430356383119169,0.12090035208875216,0.05134494512494138,88.50132049727927,0.0003982683851688762,-0.005905867948882815,SZ
1632797038.000,scene-000251-50,Vehicle,22.874535240468322,41.01984896848444,-2.0127209531110033,-0.04261966202553549,-0.05548146029018852,3.7222202820481445,88.50132009884291,0.00039831861849393135,2.9940944986731495,SZ
1632797038.000,scene-000251-51,Vehicle,-4.669655731910115,55.219871883155136,-1.4023559500906146e-15,2.4675623196024776e-14,8.726832549440374e-14,1.150128209598702e-13,178.49979973239212,-9.676384138401772e-09,-3.047776857556528e-07,SZ
1632797038.000,scene-000251-52,Vehicle,-8.878055437293154,61.54945582317242,-9.787549678299842e-15,3.518058020981507e-14,4.1738100088338205e-14,9.576200466462993e-14,328.35877925461006,7.363885856648267e-08,-5.492361125902789e-07,SZ
1632797038.000,scene-000251-53,Vehicle,-12.48452845658486,56.828779792245676,-4.011890697179339e-15,4.1612425842684744e-14,4.172096235300319e-14,2.729645509889156e-14,136.49897279480058,-1.1712404557329137e-07,6.824376725944603e-07,SZ
1632797038.000,scene-000251-54,Vehicle,-12.865285665361716,-43.62470178875898,-0.00013904838090177587,-0.005207006531697032,-6.33775800937264e-14,3.5402653031368914e-12,178.49981144992978,-1.866305865405593e-08,-4.2064414174092235e-09,SZ
1632797038.000,scene-000251-55,Vehicle,-12.849350148194167,-36.87079143857286,-9.021146027126849e-13,-1.1005078934461622e-13,6.022503875090731e-12,7.911761819164593e-13,178.49981155046697,-1.121719606089755e-08,-3.463036080120219e-08,SZ
1632797038.000,scene-000251-56,Barrier,6.256806880329056,28.04336186772828,0.017879416939395314,-0.004864502531426859,4.93129485218402e-07,7.244073929948969e-07,195.3066736761429,7.732992912679038e-08,1.4586547223416346e-06,SZ
1632797038.500,ego,AV,0.0017518270670098706,0.0010311877737027237,0.0007424045243383775,-0.024630498255862356,-0.016753687319085123,-0.15202199923177556,0.000609254868372049,-0.002864568616914198,0.010204289416789658,SZ
1632797038.500,scene-000251-1,Pedestrian,-15.009793420364522,-11.084239967680057,-0.8112860522003775,0.7449406005076581,-1.6658726233033585,-1.3902736486743517,49.89567519121812,5.9043702123621244,-22.41624967484549,SZ
1632797038.500,scene-000251-2,Pedestrian,11.437874126408488,30.38919025960557,-0.1999744690415975,1.30782212696075,-0.08331298349221039,-0.9109968466069871,16.500609250392884,7.722544881144586,-23.12433152035726,SZ
1632797038.500,scene-000251-3,Pedestrian,34.17878142140656,-14.600279099718145,1.3284593524202535,0.23761629639300536,1.6369486971524054,-1.962054677104121,277.2759183537239,-8.08019258241488,-1.3544106678625667,SZ
1632797038.500,scene-000251-7,Vehicle,-6.826739461525254,-37.49805736953669,3.5043955921945863e-14,7.748151935444356e-14,2.391545448365882e-13,3.4512960263985295e-13,186.81493971104487,-1.4910030188275414e-07,1.0816317796980002e-07,SZ
1632797038.500,scene-000251-8,Vehicle,-14.319913519677689,-25.99743643483493,-0.11418244537738541,-0.20176464709519606,-1.2353774764355845,0.5389525230445793,91.50060926473304,2.997135734629296,0.009252707769661583,SZ
1632797038.500,scene-000251-10,Vehicle,-13.786294170325682,-31.965887657056008,0.0028016998495474944,-0.02297538171505144,-0.009191119673768261,-0.11991828781910667,91.43285350671897,0.007368800803703834,0.010536341648816006,SZ
1632797038.500,scene-000251-14,Vehicle,-25.293484482663963,22.220992662987907,-0.0442648087708125,-0.008367976695968291,-0.056665641733325556,-0.06615983853594297,268.5006092549241,0.002585608192051614,0.00558876879713921,SZ
1632797038.500,scene-000251-15,Vehicle,-23.177322914637493,18.51392649730302,-0.03809066232927387,-0.24312909710926647,-0.03179303020030126,-0.08327862576867967,261.35524391059755,1.1100215509126414,3.363090780268635,SZ
1632797038.500,scene-000251-16,Vehicle,-22.34258598783025,14.9291392471004,0.18105881683214528,-0.009147732500988253,-0.09794912734403027,-0.03940505826990643,270.83416455863477,0.006574761388520145,0.008453277132677201,SZ
1632797038.500,scene-000251-17,Vehicle,-35.28253041765168,18.87555084096669,1.0878099114579063,-0.0042632789861321895,-0.11446609571069866,0.11334206592719016,268.5006092549241,0.002585608192051614,0.00558876879713921,SZ
1632797038.500,scene-000251-18,Bicycle,5.469115819851002,27.67144164978518,0.03539551900653157,-0.08994495782870772,-0.0416013750090419,0.14172895008589365,24.528918237342396,-1.1970669768265907,-3.6794557001835813,SZ
1632797038.500,scene-000251-19,Vehicle,-3.164560422403712,-57.90257736479003,0.17287710970094877,-5.464982364825094,-0.7838541740688718,1.0319461615521348,178.50116647927325,2.997732630886489,3.0099810531871327,SZ
1632797038.500,scene-000251-20,Bicycle,8.373251614346414,34.294232601710554,-1.9864312499321255,3.605019286754031,0.2857774818379797,0.9254784367689535,25.977203538304224,6.565447278254538,-16.000524697839353,SZ
1632797038.500,scene-000251-22,Vehicle,-3.659678064340759,-36.266811685069875,-0.03049977381103477,-6.822376069932122,-0.13689154921022606,-0.14774236736012725,181.50060925844167,-0.00286459665507266,-2.989795661238986,SZ
1632797038.500,scene-000251-24,Vehicle,-3.8073057556571213,5.658391115730535,-0.1966600239373882,-4.9844533835965565,-0.09674083810711898,-0.6170054718973788,181.5017551632139,1.2150354492719657,-6.604585397288702,SZ
1632797038.500,scene-000251-25,Bicycle,15.078529540382997,-6.730846487806993,-2.45955964767821e-14,3.2684988744454568e-15,-1.2243266072814546e-13,1.7052888261302515e-15,222.11682263657076,-1.8194491246958933e-08,2.5470541231698007e-08,SZ
1632797038.500,scene-000251-26,Bicycle,15.686282989041807,-6.0746997158879354,-2.832747048583921e-14,3.3750350063581237e-15,-1.462266944982093e-13,2.84242887405451e-15,227.32243047071617,4.839534994971473e-09,2.8479121283453424e-09,SZ
1632797038.500,scene-000251-27,Bicycle,17.09503393777031,-4.806959479940157,-1.5977154653048286e-14,-3.549718371577389e-15,-2.451975852465584e-13,-1.9557897076741428e-14,226.8220880276323,2.640504703776969e-09,5.004466174796107e-09,SZ
1632797038.500,scene-000251-28,Bicycle,14.350068365990097,-7.374521371907258,-2.322619507102922e-14,4.967447917472747e-15,-1.5196535123546578e-13,1.4604233480169785e-14,211.8644872363596,-6.259740814584802e-08,6.940453545212222e-08,SZ
1632797038.500,scene-000251-29,Bicycle,16.202304253476044,-5.59921156166469,-2.0864007605060565e-14,1.2561430741571007e-15,-2.7271988639529273e-13,-9.313215284342858e-15,244.92795314455404,7.43723376217531e-08,-6.524579987399193e-08,SZ
1632797038.500,scene-000251-30,Bicycle,17.003547884844117,-3.0730665365933376,-2.9217761467027144e-14,-4.591023694710047e-15,-2.1549193586589226e-13,-3.6402704050148734e-14,275.393526474057,1.1595236060202296e-07,-1.0846451914403588e-07,SZ
1632797038.500,scene-000251-31,Bicycle,20.79066071767063,-1.3435582884864534,-2.390312555369307e-14,-9.702145282963849e-15,-3.042231702067047e-13,-7.767842651633607e-14,212.2420080839213,-1.0271476881484887e-05,-1.7814781912761646e-05,SZ
1632797038.500,scene-000251-32,Pedestrian,32.665974978095804,3.319781617184968,0.0008352914343374571,0.028821657336895404,1.5642662786499468e-05,3.3852932534148006e-05,268.44113495122014,-0.01994124261909458,-2.5142134063571575e-07,SZ
1632797038.500,scene-000251-33,Bicycle,19.536726906550722,-2.5971243478204764,-3.778550020174131e-14,-6.8916691300021966e-15,-2.777723411792233e-13,-5.279689770820009e-14,224.08734571655066,-1.4303836437079553e-05,-1.8760720358557137e-05,SZ
1632797038.500,scene-000251-34,Bicycle,17.576874723811812,-4.44612097312011,-1.9690803911287738e-14,-5.371277902661001e-15,-2.2291568969712167e-13,-1.9286680926641253e-14,219.08841731802772,-3.159214401193822e-08,3.867202735818864e-08,SZ
1632797038.500,scene-000251-35,Bicycle,17.784864844745126,-4.038888584086596,-2.0964842066640406e-14,-1.7886045123042243e-15,-2.0106060604980364e-13,-2.4795509714179664e-14,228.64205100659848,1.0611088896439469e-08,-2.8095001880501513e-09,SZ
1632797038.500,scene-000251-36,Bicycle,19.103549929199808,-3.0450096663377235,-3.2170178389448035e-14,-5.906244485343629e-15,-2.4751542583457387e-13,-3.916952034274875e-14,203.25882845901054,-9.575427384334034e-08,1.0273311090713833e-07,SZ
1632797038.500,scene-000251-37,Bicycle,18.45909865771853,-3.8511117148046496,-2.831519905663915e-14,-3.0530061068363627e-15,-2.280127376858212e-13,-4.030173905919009e-14,234.7089583405936,3.633135747804772e-08,-2.7989713657916582e-08,SZ
1632797038.500,scene-000251-38,Bicycle,21.73152474135754,0.15816879678030787,-3.504800758179006e-14,-1.2513077966659433e-14,-2.7998644218372873e-13,-9.400849885045474e-14,245.3195318760354,7.564876725041358e-08,-6.64994388444029e-08,SZ
1632797038.500,scene-000251-39,Bicycle,22.800362474012996,1.1656786248416153,-0.0032598285116821266,-0.0013325934435974034,-2.886441086147329e-13,-1.2083823525133042e-13,254.27220877348174,0.6400001283349539,-1.0012165319039923e-07,SZ
1632797038.500,scene-000251-41,Bicycle,21.195824080278193,-0.6800764222380307,-4.4827117237339335e-14,-1.0612251009841528e-14,-3.349986219720492e-13,-8.332002240132156e-14,226.69842496461175,2.0961863356205868e-09,5.538353775591531e-09,SZ
1632797038.500,scene-000251-42,Bicycle,24.659237540559936,1.4333575739457822,-3.888922748462106e-14,-1.5972427351736157e-14,-3.1378254162755083e-13,-1.2398959476536405e-13,318.22429952554745,6.29806606866623e-08,-1.4623479671627138e-07,SZ
1632797038.500,scene-000251-45,Vehicle,13.755642480764104,-26.422677712487957,-1.5171590987518142e-14,2.714581947914921e-14,-8.446437081305176e-15,2.2792358779315985e-13,88.00068399924473,2.3640686208636907e-07,-2.3111113023333019e-07,SZ
1632797038.500,scene-000251-46,Vehicle,-19.411267058220844,-26.173571421745752,5.1603802013866836e-14,5.455859451012183e-14,2.232842397368742e-13,3.689803139841673e-13,92.80373822105253,4.031659273096011e-08,2.0588004190358333e-08,SZ
1632797038.500,scene-000251-47,Vehicle,-26.681767196884827,-25.996903237622554,5.789666828551311e-14,5.226408285553012e-14,3.844790081198245e-13,4.253799480573234e-13,88.50068399938962,2.3728048859084083e-07,-2.3218819933390478e-07,SZ
1632797038.500,scene-000251-48,Vehicle,18.84516773550371,38.149561919103135,-4.929980344635016e-14,-4.882848232114851e-14,-5.000090433732112e-13,-6.307346625612391e-13,91.49772104192698,-6.771335847588489e-08,8.208900226236437e-09,SZ
1632797038.500,scene-000251-49,Vehicle,26.286666761926718,37.65974242136529,-0.018040600737787633,-0.021491403758684895,-0.18652950245066754,-0.11558913462720423,88.5006092450036,-0.00286449120898169,0.01020415885935222,SZ
1632797038.500,scene-000251-50,Vehicle,21.985077840881832,41.24144952852959,-1.2974321262243882,0.48428761380995783,2.916636767836647,-1.6145911787061717,91.5006092900469,2.9971362366105723,-2.9897959364172664,SZ
1632797038.500,scene-000251-51,Vehicle,-4.669655731910116,55.219871883155136,-2.4341439991620457e-14,-7.810445163201711e-14,-1.7902466166052305e-13,-5.261331202720378e-13,178.49979945537007,-1.6528358059986203e-07,4.715266754828917e-08,SZ
1632797038.500,scene-000251-52,Vehicle,-8.87805543729316,61.54945582317242,-2.2833848774689376e-14,-9.430166158578762e-14,-9.392329647389629e-14,-6.136909718470407e-13,328.3587790322516,3.3850490410713974e-08,-2.608886688904022e-07,SZ
1632797038.500,scene-000251-53,Vehicle,-12.484528456584862,56.828779792245676,-1.3064600230293622e-14,-9.004896546009238e-14,-7.793180048546031e-14,-5.539420203100001e-13,136.49897266834773,-2.037998854120815e-07,3.6318087381914665e-07,SZ
1632797038.500,scene-000251-54,Vehicle,-12.865355189552158,-43.62730529202455,-0.0001390483808328349,-0.005207006530901781,3.3914125847911425e-13,-3.5926123187479675e-13,178.499811258994,-1.5760170413159358e-07,1.4587544683308806e-07,SZ
1632797038.500,scene-000251-55,Vehicle,-12.849350148194167,-36.870791438572844,2.9860323665268716e-13,1.0757266150132966e-13,-1.2196325176292423e-12,7.931762146732436e-14,178.49981135345692,-1.5138050457608188e-07,1.340917492598237e-07,SZ
1632797038.500,scene-000251-56,Barrier,6.265746624756105,28.040929669283923,0.017879509401130277,-0.00486436670513482,-1.2328254542226524e-07,-1.8110222483117e-07,195.30667416955632,1.7284904174630356e-08,8.436470722017475e-07,SZ
1632797039.000,ego,AV,-0.0006974164552185035,-0.006107150066848489,-0.011991848352275718,0.04443646927636133,-0.03418332418737127,0.42828986936067015,359.99845611898814,0.010602558857142919,0.028375958091615416,SZ
1632797039.000,scene-000251-1,Pedestrian,-15.528546246215285,-10.80158498752393,-1.0734766948779833,0.5536170920900384,0.6171100525929356,0.6249796150038729,50.752831780529135,-10.188442048441402,-27.995567487866964,SZ
1632797039.000,scene-000251-2,Pedestrian,11.330944143263345,30.967184919202033,-0.22080271491461115,1.0800729153090254,1.5643042416968456e-13,8.526512829121202e-14,10.505910613628771,-11.989397492065336,-19.71194259174706,SZ
1632797039.000,scene-000251-3,Pedestrian,34.95237790647061,-14.627827591999852,1.5754230312556743,-0.15000987720021897,-0.649093981810724,0.41154998273122345,271.9763665546694,-0.2502534775574503,18.178789225409034,SZ
1632797039.000,scene-000251-7,Vehicle,-6.826739461525222,-37.498057369536625,6.196999060218827e-14,1.4244763794160374e-13,-1.3145040611561853e-13,-8.526512829121202e-14,186.81493974409062,9.522955224383622e-08,2.7346787589976884e-07,SZ
1632797039.000,scene-000251-8,Vehicle,-14.44968918824524,-26.02367204989161,-0.24144475154163417,0.11137747308918305,0.7263282517785896,0.7136159576929371,91.49845623190856,0.010602690446688712,-2.971624288086957,SZ
1632797039.000,scene-000251-10,Vehicle,-13.78733248706105,-31.985939626170016,-0.00953552019286109,-0.04438147929916429,-0.04015776049586607,0.034293897482655156,91.43833586631234,0.012170151563822174,0.006006783137252114,SZ
1632797039.000,scene-000251-18,Bicycle,5.478780610553413,27.643621579396065,-0.002401950046336679,-0.022462744198748934,-0.1095885012024311,0.1281999044339415,18.9625498431417,-3.9600657888564967,4.409672187514985,SZ
1632797039.000,scene-000251-19,Vehicle,-3.1367263214932177,-60.502011646881435,0.017213929578284996,-4.924627503286297,0.1612014535782169,1.1294732846030513,181.49905339020165,3.0109365437131004,-2.971633365317089,SZ
1632797039.000,scene-000251-20,Bicycle,7.385223155337139,36.20851548437759,-2.026752624650894,4.044289113301929,-0.44706298071305284,0.8316008694226298,28.25993540122677,4.565422546412975,-2.0000659112736514,SZ
1632797039.000,scene-000251-22,Vehicle,-3.6952032117441456,-39.652235958007786,-0.11792844949569375,-6.630857905923191,-0.21282315352840997,0.9138150233958342,181.4984561598914,-2.9893973914164036,-5.971623989077145,SZ
1632797039.000,scene-000251-23,Bicycle,-8.224337736192002,15.662299801152132,-0.5544932586814982,6.353752354162429,0.005552164077339494,0.2704157093872226,1.609518122972176,5.421039011018095,1.4847032308550603,SZ
1632797039.000,scene-000251-24,Vehicle,-3.9117479458413933,3.1138773338332553,-0.20914788370407603,-5.143924556216223,0.046789399040367496,-0.020879218581299597,179.71669115686,-0.6028323438083731,1.1494278758190148,SZ
1632797039.000,scene-000251-25,Bicycle,15.078529540382977,-6.73084648780699,-3.7440193264815967e-14,9.023891599178777e-15,7.105427357601002e-14,2.1316282072803012e-14,222.11682258422,2.471307425366831e-08,1.7232219562401951e-07,SZ
1632797039.000,scene-000251-26,Bicycle,15.686282989041784,-6.074699715887933,-4.534421887698879e-14,8.526534323372379e-15,7.815970093361107e-14,1.7763568394002517e-14,227.3224304189769,4.2573731207085075e-09,1.071537667485245e-07,SZ
1632797039.000,scene-000251-27,Bicycle,17.095033937770285,-4.806959479940159,-5.596026889188487e-14,1.3307699759386316e-15,8.526512829121202e-14,3.907985046680551e-14,226.82208797573276,6.206242630923953e-09,1.1357109030996071e-07,SZ
1632797039.000,scene-000251-28,Bicycle,14.350068365990076,-7.374521371907254,-4.345396448589315e-14,1.3059398386015816e-14,7.105427357601004e-14,1.776356839400248e-14,211.86448718979233,6.453927881011623e-08,2.8481046854267333e-07,SZ
1632797039.000,scene-000251-29,Bicycle,16.202304253476015,-5.599211561664689,-6.062226977347973e-14,5.1450881909722644e-15,1.1368683772161603e-13,2.4868995751603513e-14,244.92795311070614,-5.721591378460289e-08,-1.2110836422607463e-07,SZ
1632797039.000,scene-000251-30,Bicycle,17.00354788484409,-3.0730665365933416,-5.822174968189669e-14,-5.698093929946104e-15,9.947598300641403e-14,3.197442310920451e-14,275.3935265007209,-9.668694644915377e-08,-3.626540490131447e-07,SZ
1632797039.000,scene-000251-31,Bicycle,20.790660717670598,-1.3435582884864627,-6.798449499616474e-14,-1.7131343246096175e-14,1.2789769243681808e-13,4.796163466380676e-14,212.2420213736317,-2.1963076491715583e-05,-6.023409689248638e-05,SZ
1632797039.000,scene-000251-32,Pedestrian,32.66639392736821,3.3341952669311303,0.000839202100076715,0.02883012057005028,1.7053025658242404e-13,8.529288386682765e-14,268.4311645235115,-0.01994143235769741,-7.66678908803442e-07,SZ
1632797039.000,scene-000251-33,Bicycle,19.536726906550687,-2.5971243478204826,-6.814873502974162e-14,-1.0320930940350844e-14,1.5631940186722204e-13,3.907985046680551e-14,224.0873595412057,-2.5279708893322095e-05,-6.390489140528643e-05,SZ
1632797039.000,scene-000251-34,Bicycle,17.576874723811788,-4.446120973120113,-5.4103444262765146e-14,-4.22985517619939e-16,8.526512829121207e-14,3.90798504668055e-14,219.0884172664151,3.6663927005520236e-08,2.081452734614686e-07,SZ
1632797039.000,scene-000251-35,Bicycle,17.7848648447451,-4.038888584086598,-5.701913886388931e-14,-8.820545832481375e-16,5.684341886080804e-14,2.8421709430404014e-14,228.64205095538327,-8.543139529137989e-10,9.011068868858274e-08,SZ
1632797039.000,scene-000251-36,Bicycle,19.103549929199776,-3.0450096663377284,-6.56273254176875e-14,-7.705018793729689e-15,1.1368683772161603e-13,3.197442310920451e-14,203.25882842430497,9.490061358974344e-08,3.5496665873324673e-07,SZ
1632797039.000,scene-000251-37,Bicycle,18.459098657718503,-3.851111714804653,-5.689667404769044e-14,-5.1348350943327575e-15,1.1368683772161603e-13,3.197442310920451e-14,234.7089582936114,-2.359193729262188e-08,1.0449141996105027e-08,SZ
1632797039.000,scene-000251-38,Bicycle,21.731524741357504,0.15816879678029597,-7.307019501851774e-14,-2.2914570988696274e-14,1.2789769243681808e-13,5.240252676230739e-14,245.319531842818,-5.834763783241215e-08,-1.2590923503807971e-07,SZ
1632797039.000,scene-000251-39,Bicycle,22.798732559757138,1.165012328119809,-0.003259828511711655,-0.0013325934436127361,1.705267871354721e-13,5.951055620512236e-14,254.59220880293867,0.6399999560733516,-2.751020673485982e-07,SZ
1632797039.000,scene-000251-41,Bicycle,21.19582408027815,-0.6800764222380409,-8.23914949059451e-14,-1.9229803339295192e-14,1.8474111129762605e-13,4.884981308350686e-14,226.69842491267585,6.688750886496564e-09,1.1515314213284e-07,SZ
1632797039.000,scene-000251-42,Bicycle,24.659237540559896,1.4333575739457665,-7.825501242470324e-14,-3.164874830325001e-14,1.5631940186722204e-13,6.128431095930864e-14,318.22429968699146,-8.919545280150487e-08,-5.64259579505233e-07,SZ
1632797039.000,scene-000251-45,Vehicle,13.755642480764097,-26.422677712487925,-1.0177772900243434e-14,8.057400274863867e-14,2.842170943040401e-14,-1.4210854715201903e-14,88.00068390255214,-1.9610726553764835e-07,-4.3523621684471436e-07,SZ
1632797039.000,scene-000251-46,Vehicle,-19.411267058220805,-26.1735714217457,7.545043883888085e-14,1.1838196357575961e-13,-1.2789769243681803e-13,-1.1368683772161598e-13,92.8037383453223,3.360577238709084e-08,-2.2164448409967008e-07,SZ
1632797039.000,scene-000251-47,Vehicle,-26.681767196884774,-25.996903237622497,1.0783114249106274e-13,1.3018736043945699e-13,-1.8474111129762625e-13,-1.1368683772161623e-13,88.50068390369708,-1.9685569441207917e-07,-4.3960685047750303e-07,SZ
1632797039.000,scene-000251-48,Vehicle,18.845167735503654,38.149561919103064,-1.1745864542884495e-13,-1.709850111734533e-13,2.2737367544323216e-13,1.4210854715202024e-13,91.49772117100304,-4.250927077009692e-08,-2.7545723924049526e-07,SZ
1632797039.000,scene-000251-49,Vehicle,26.26337374512627,37.64194278135687,-0.057044523714445426,-0.034917748876347444,0.030513810544036374,0.06188375415655398,88.49845600607028,0.010602427244521095,0.02837582356465873,SZ
1632797039.000,scene-000251-50,Vehicle,21.54248996594318,41.29902617968372,-0.7898221891423014,-0.21946752601859928,-0.8861970195083018,-1.2004293806080564,91.49845633545351,-2.9893976177987724,-8.971625563021348,SZ
1632797039.000,scene-000251-51,Vehicle,-4.669655731910139,55.21987188315506,-4.5116788074847854e-14,-1.812160222696225e-13,9.592326932761347e-14,1.1368683772161593e-13,178.49979956710854,3.74762834098874e-08,1.6759230447860318e-08,SZ
1632797039.000,scene-000251-52,Vehicle,-8.878055437293176,61.54945582317233,-2.6774747659760697e-14,-2.1219726775954276e-13,7.815970093361102e-14,1.4210854715202024e-13,328.35877928846054,-1.8724981032391952e-07,-9.207680591316603e-07,SZ
1632797039.000,scene-000251-53,Vehicle,-12.484528456584872,56.82877979224559,-1.833669563645669e-14,-1.9300733374958734e-13,5.684341886080804e-14,1.4210854715202024e-13,136.4989725910007,2.460568282458553e-07,8.50607619895527e-07,SZ
1632797039.000,scene-000251-54,Vehicle,-12.865424713742554,-43.62990879529004,-0.00013904838079423486,-0.005207006531048443,-1.8474089445719155e-13,-2.2737367544323206e-13,178.49981129232805,1.2721238817903213e-07,3.453583587997855e-07,SZ
1632797039.000,scene-000251-55,Vehicle,-12.849350148194127,-36.87079143857279,-4.716110006082918e-14,1.0608578479535769e-13,-1.6342482922482304e-13,-8.526512829121192e-14,178.49981139908647,1.2287455319892615e-07,3.058705715375254e-07,SZ
1632797039.000,scene-000251-56,Barrier,6.2746863691831285,28.03849747083951,0.017879478580518793,-0.004864411980655501,9.946210521860621e-14,1.42112016598972e-13,195.3066736934278,9.209770013285379e-07,2.7769261095045294e-06,SZ
1632797039.500,ego,AV,-0.011692491024289701,0.09382697943276778,-0.033440919663032934,0.40365937110480743,-0.0516129610556576,1.0086017379531143,0.011211813725514969,0.025511389474701218,0.0298176612351142,SZ
1632797039.500,scene-000251-1,Pedestrian,-15.893021558917814,-10.362685103616833,-0.19417599960744325,1.3699202155115318,2.9000927284892244,2.6402328786821,39.707233142776715,-22.09119727550484,-23.805510454126875,SZ
1632797039.500,scene-000251-2,Pedestrian,11.22401416011824,31.545179578798518,-0.1999744690414411,1.3078221269608346,0.0833129834925238,0.9109968466071514,4.511211758327519,-11.989397710602475,-4.37074277215288e-07,SZ
1632797039.500,scene-000251-3,Pedestrian,35.56370089608198,-14.552488588598752,0.6793653706095317,0.6491662791242288,-2.9351366607738463,2.7851546425665674,277.0256648761665,10.098596642994153,20.697700241103206,SZ
1632797039.500,scene-000251-7,Vehicle,-6.826739461525222,-37.49805736953659,-9.640645019367266e-14,-7.783608936768412e-15,-5.020553570678252e-13,-5.156598592222766e-13,186.81493980627442,1.243675740170147e-07,5.827604354635696e-08,SZ
1632797039.500,scene-000251-8,Vehicle,-14.397882793868144,-25.87150367552505,0.6121458064012042,0.5118513105977414,2.6880339799927637,0.8882793923412959,91.51121195517976,0.025511446542338945,0.029817512191300466,SZ
1632797039.500,scene-000251-10,Vehicle,-13.798410243920387,-31.99741812091336,-0.03735606064631855,0.011318515767603773,-0.07112440131796378,0.1885060827844171,91.44502365828282,0.013375583940955948,0.00241086475426755,SZ
1632797039.500,scene-000251-14,Vehicle,-25.32589320980424,22.180790157585385,0.019636256987461825,-0.07079164354765899,0.1844677732498742,-0.05868749516743842,268.5112118145246,0.010602559600540129,0.008016951408488515,SZ
1632797039.500,scene-000251-15,Vehicle,-23.199836540402384,18.480887393084956,0.024536962464026646,0.42878019444867543,0.15704827978690228,1.4270972088845635,265.8254986795415,4.470254768943974,3.3602332180313255,SZ
1632797039.500,scene-000251-16,Vehicle,-22.46457242979586,14.89461639977941,-0.6791023958891069,-0.06557054782603822,-1.6223732980984742,-0.0734405723801935,270.8463395554314,0.012174996796659343,0.0056002354081385874,SZ
1632797039.500,scene-000251-17,Vehicle,-34.48979302491871,18.86979721759699,0.25982540313843727,-0.06540534510042863,-1.5415029209282394,-0.23562619815578306,268.5112118145246,0.010602559600540129,0.008016951408488515,SZ
1632797039.500,scene-000251-18,Bicycle,5.461048275955216,27.64785148511544,-0.07419298219589959,0.03825494660523374,-0.17757562739582053,0.11467085878198921,20.5688524484859,3.2126052106883947,14.345341999089783,SZ
1632797039.500,scene-000251-19,Vehicle,-3.0685918571881694,-62.81907760782208,0.33407856327916574,-4.335509080222042,1.106257081225306,1.2270004076539678,181.51210302298634,0.026099265569399677,-5.969674556287401,SZ
1632797039.500,scene-000251-20,Bicycle,6.2854289511496,38.33069858440029,-2.433494230645178,4.436620156176659,-1.1799034432640845,0.7377233020762901,30.542626084717213,4.565381366980887,-8.235886417651272e-05,SZ
1632797039.500,scene-000251-22,Vehicle,-3.783934147529635,-42.80920647509674,-0.24332292733944444,-5.9085610465362794,-0.28875475784659277,1.9753724141518134,178.51121186702528,-5.974488585732217,-5.970182388631628,SZ
1632797039.500,scene-000251-23,Bicycle,-8.484347896197637,18.838659839865223,-0.45246248369015796,6.283051596606899,0.4025709358880216,-0.553218739609342,1.7594812597780987,0.2999262736118453,-10.2422254748125,SZ
1632797039.500,scene-000251-24,Vehicle,-4.004492786265573,0.5641437472906521,-0.14987062489702094,-5.005332602177849,0.19031963618785286,0.5752470347347938,180.89892281940553,2.3644633250909806,5.934591337798707,SZ
1632797039.500,scene-000251-25,Bicycle,15.078529540382975,-6.730846487806982,4.6458677099227926e-14,2.4584780947248453e-14,2.645412078801656e-13,4.09272753194757e-14,222.11682266128383,1.5412770437706058e-07,2.5882926024678454e-07,SZ
1632797039.500,scene-000251-26,Bicycle,15.68628298904178,-6.074699715887925,4.9832230447771804e-14,2.1138603400360624e-14,3.025460963654313e-13,3.268470791395046e-14,227.32243047497354,1.1199330174349598e-07,2.1547185724557494e-07,SZ
1632797039.500,scene-000251-27,Bicycle,17.095033937770282,-4.80695947994015,6.928797363816371e-14,3.553013209522812e-14,4.1572784182898234e-13,9.771759801035246e-14,226.82208803383855,1.1621159501373768e-07,2.2001069055477274e-07,SZ
1632797039.500,scene-000251-28,Bicycle,14.350068365990072,-7.374521371907246,4.7828078504980784e-14,2.273101631147526e-14,2.940738983874857e-13,2.09229033078353e-14,211.86448730089887,2.222130603968253e-07,3.1534756317341817e-07,SZ
1632797039.500,scene-000251-29,Bicycle,16.202304253476015,-5.599211561664681,9.282283011655546e-14,2.6125138825760602e-14,5.000935618385247e-13,5.905120678754984e-14,244.92795308733812,-4.6736026604321523e-08,2.0959760149708018e-08,SZ
1632797039.500,scene-000251-30,Bicycle,17.00354788484409,-3.0730665365933376,7.025822153938687e-14,2.738339941449446e-14,4.144439018787202e-13,1.0035155026855774e-13,275.39352637737005,-2.467016884111217e-07,-3.000294839239359e-07,SZ
1632797039.500,scene-000251-31,Bicycle,20.790660717670598,-1.34355828848646,1.0399456688312497e-13,3.8259489380842913e-14,5.600185550803408e-13,1.736016958439496e-13,212.2419861208448,-7.050557377397126e-05,-9.708499456451136e-05,SZ
1632797039.500,scene-000251-32,Pedestrian,32.66681287664066,3.348608916677314,0.000835291434507987,0.028821657336980645,-1.564266244544199e-05,-3.3852932363825916e-05,268.4211935188624,-0.01994200929800627,-1.15388061772137e-06,SZ
1632797039.500,scene-000251-33,Bicycle,19.536726906550687,-2.597124347820479,1.1853390166548074e-13,3.2188181336803317e-14,5.904111449136674e-13,1.3095659864181112e-13,224.08732043684176,-7.820872784236599e-05,-0.00010585803789808779,SZ
1632797039.500,scene-000251-34,Bicycle,17.576874723811784,-4.446120973120106,6.557432437992427e-14,3.370857256414452e-14,3.934459462795456e-13,9.744638186025232e-14,219.08841735469164,1.765531294495304e-07,2.797784048880203e-07,SZ
1632797039.500,scene-000251-35,Bicycle,17.78486484474509,-4.0388885840865925,3.587857679416759e-14,2.6633104918099778e-14,3.1474744377141954e-13,8.163892857498765e-14,228.64205100574415,1.0072177758502221e-07,2.0315218307587202e-07,SZ
1632797039.500,scene-000251-36,Bicycle,19.103549929199772,-3.0450096663377253,8.151665933216799e-14,2.606817862386088e-14,4.748891012778059e-13,1.0311836656115777e-13,203.25882855391114,2.592123848899064e-07,3.286235426003259e-07,SZ
1632797039.500,scene-000251-37,Bicycle,18.459098657718503,-3.8511117148046488,8.537163866497687e-14,2.8921417002368143e-14,4.553864131290532e-13,1.0425058527759909e-13,234.70895831700165,4.678049947415275e-08,1.4074487353354925e-07,SZ
1632797039.500,scene-000251-38,Bicycle,21.731524741357504,0.15816879678029716,9.284968485502795e-14,3.988944879564797e-14,5.357818270573647e-13,1.9881355237506956e-13,245.31953181768776,-5.026046778766613e-08,1.6174340089492034e-08,SZ
1632797039.500,scene-000251-39,Bicycle,22.797102645501322,1.1643460313980178,-0.0032598285115115954,-0.0013325934435378958,6.297115606734849e-13,2.3985067404419524e-13,254.91220872955512,0.639999853232883,-2.0568093717088232e-07,SZ
1632797039.500,scene-000251-41,Bicycle,21.19582408027815,-0.6800764222380389,1.3991399406028673e-13,3.823756207366536e-14,7.044808445673012e-13,1.8101964856833534e-13,226.6984249713005,1.1724932846846059e-07,2.2112115516392805e-07,SZ
1632797039.500,scene-000251-42,Bicycle,24.6592375405599,1.4333575739457662,1.1743017438260094e-13,4.5311883607572484e-14,6.264213453619947e-13,2.465582166839813e-13,318.224299436352,-5.012789188185707e-07,-8.241669320341316e-07,SZ
1632797039.500,scene-000251-45,Vehicle,13.755642480764097,-26.422677712487896,1.3250118442885866e-14,1.293496476394718e-14,6.528985594211319e-14,-2.5634529722356406e-13,88.00068380313746,-1.988293547583453e-07,-5.444178441393888e-09,SZ
1632797039.500,scene-000251-46,Vehicle,-19.411267058220794,-26.173571421745674,-7.629389042295118e-14,-5.91282432114942e-14,-4.790796246105101e-13,-5.963539894273993e-13,92.80373825465836,-1.8132789136870997e-07,-4.298673275116016e-07,SZ
1632797039.500,scene-000251-47,Vehicle,-26.68176719688477,-25.99690323762247,-1.2684444301211292e-13,-6.142275486608587e-14,-7.539612307150763e-13,-6.527536235005552e-13,88.5006838025339,-2.023263618866622e-07,-1.0941334949166048e-08,SZ
1632797039.500,scene-000251-48,Vehicle,18.845167735503654,38.149561919103036,1.7807387199688187e-13,9.328006483087149e-14,9.547563942596751e-13,9.149517568652788e-13,91.49772099941771,-3.4317059771638014e-07,-6.013226538925664e-07,SZ
1632797039.500,scene-000251-49,Vehicle,26.24770918096183,37.639614079887586,0.012473209806248699,0.04039235039786911,0.24755712353874013,0.23935664294031225,88.51121167224812,0.02551133235567704,0.02981781022231189,SZ
1632797039.500,scene-000251-50,Vehicle,20.87835283612745,41.056495485685836,-2.1836291457326906,-0.716141766798099,-4.689030806853255,-0.7862675825099426,88.51121167224812,-5.974489326410776,-5.970183417224007,SZ
1632797039.500,scene-000251-51,Vehicle,-4.669655731910138,55.21987188315501,7.158182933599309e-14,3.558238608959892e-14,3.708712003157503e-13,7.535067957152697e-13,178.49979949284636,-1.4852435015200172e-07,-3.7200126712377823e-07,SZ
1632797039.500,scene-000251-52,Vehicle,-8.878055437293174,61.54945582317227,5.532585215892164e-14,4.7806885566232366e-14,2.502426983411183e-13,8.979080661510803e-13,328.3587788450018,-8.869175758263736e-07,-1.3993355310049083e-06,SZ
1632797039.500,scene-000251-53,Vehicle,-12.484528456584869,56.82877979224554,4.377881863051438e-14,5.2059581691927546e-14,1.9161863820707624e-13,8.381591146140393e-13,136.49897291440456,6.468077344834455e-07,8.015018124751805e-07,SZ
1632797039.500,scene-000251-54,Vehicle,-12.865494237932996,-43.63251229855559,-0.00013904838101757607,-0.005207006531129151,-7.086239147552353e-13,-9.545836343605174e-14,178.49981138620637,1.8775665466819191e-07,1.2108853297831956e-07,SZ
1632797039.500,scene-000251-55,Vehicle,-12.849350148194125,-36.87079143857275,1.3517840742786412e-13,2.230753321011765e-14,8.927828591795962e-13,-2.4984787804974825e-13,178.4998114763315,1.5449006696144352e-07,6.323102752503473e-08,SZ
1632797039.500,scene-000251-56,Barrier,6.283626113610177,28.03606527239513,0.017879509401229756,-0.004864366704992711,1.2328274438810904e-07,1.811025090482643e-07,195.3066750905333,2.79421101367916e-06,3.746468024701244e-06,SZ
